1.224017450133326e-01
1.228827812960682e-01
1.228827812960682e-01
1.519721765747684e-01
1.519721765747684e-01
1.329266338426341e-01
1.329266338426341e-01
1.644069019452118e-01
1.569467521985545e-01
1.785897893854464e-01
1.528052183174602e-01
1.555445083727349e-01
2.090749829077124e-01
1.624964104991207e-01
1.671250890126038e-01
1.436454107305451e-01
1.793226758209526e-01
1.198510852374687e-01
1.198510852374687e-01
1.793226758209526e-01
1.169682778082336e-01
1.437464788114058e-01
1.189971349345057e-01
1.273357368733751e-01
1.150311675858559e-01
9.930787412152227e-02
1.200210413867451e-01
1.017482779649174e-01
1.028471100997592e-01
1.202594488898409e-01
9.869701913984433e-02
1.033273254385745e-01
1.180409016461103e-01
9.026589962771374e-02
1.126989399104095e-01
9.026589962771374e-02
8.716083438562573e-02
9.342324708463669e-02
1.329035183730173e-01
1.640734779984279e-01
1.693387422399753e-01
1.147442393969911e-01
1.176605674113750e-01
1.204953938406003e-01
1.845992254270355e-01
1.176605674113750e-01
1.176605674113750e-01
1.370952625375566e-01
1.098479791751908e-01
1.756440955972746e-01
1.775852269833739e-01
1.655419108497212e-01
1.012598007629135e-01
1.451266422028286e-01
1.071381573556126e-01
1.293076933429570e-01
1.529965593007148e-01
1.480777571335639e-01
1.640160340335829e-01
1.807333710364856e-01
1.851781327063862e-01
1.851781327063862e-01
1.127447388011837e-01
1.851781327063862e-01
1.771552675275208e-01
1.648131521906380e-01
1.653876064019814e-01
1.527758639078850e-01
1.185688146114086e-01
1.526864604165895e-01
1.383836918819473e-01
1.553606524366385e-01
1.513914622288892e-01
1.300539683371202e-01
1.369661926129049e-01
1.630983877781188e-01
1.241908233320455e-01
1.630983877781188e-01
1.630983877781188e-01
1.630983877781188e-01
1.148894744496334e-01
1.576367778950403e-01
1.550161074041450e-01
1.550161074041450e-01
1.382473145648075e-01
8.786732367716764e-02
1.352510992978715e-01
1.845262467083304e-01
1.845262467083304e-01
1.237222404255378e-01
1.451506793621387e-01
1.845262467083304e-01
1.236116553291857e-01
1.316190903483775e-01
1.040701055216481e-01
1.236116553291857e-01
1.706764082206988e-01
1.333438555861708e-01
1.072715043821728e-01
1.387883348742820e-01
1.555761455965054e-01
1.555761455965054e-01
1.311351080627941e-01
1.570230063895559e-01
1.163388025808068e-01
1.546430835214948e-01
1.546430835214948e-01
1.257360477446393e-01
1.163388025808068e-01
1.431203985783541e-01
1.448990579666974e-01
1.448990579666974e-01
1.432449030273504e-01
1.550046782139310e-01
1.495389966631312e-01
1.518310345185866e-01
1.530019727082643e-01
1.530019727082643e-01
1.530019727082643e-01
1.389681429495086e-01
1.759407643482947e-01
1.759407643482947e-01
1.759407643482947e-01
1.544226649273599e-01
1.544226649273599e-01
1.143521819717180e-01
1.574156127732722e-01
1.574156127732722e-01
1.102205550215723e-01
1.567357896366006e-01
1.902619304723246e-01
1.902619304723246e-01
1.227367414347762e-01
1.605479658243341e-01
1.605479658243341e-01
1.411797994497266e-01
1.476303886500789e-01
1.246710067631484e-01
1.476303886500789e-01
1.416404388793396e-01
1.616081454174031e-01
1.600366596013247e-01
1.239821655686286e-01
1.239821655686286e-01
1.628731622280898e-01
1.628731622280898e-01
1.426523122860595e-01
1.448213119563119e-01
1.484159915752288e-01
1.484159915752288e-01
1.448213119563119e-01
1.484159915752288e-01
1.504026541657927e-01
1.236948049845016e-01
1.413910074319333e-01
1.413910074319333e-01
1.374859516166177e-01
1.310291527258895e-01
1.865319354989362e-01
1.715320515149229e-01
1.008631940038453e-01
1.748622889314177e-01
1.301275209779126e-01
1.111420499082299e-01
1.708614254173861e-01
1.301087087183723e-01
1.708614254173861e-01
1.708614254173861e-01
1.425392432360983e-01
1.669639258769363e-01
1.324497158181632e-01
1.324497158181632e-01
1.324497158181632e-01
1.492072339076892e-01
1.308190955143927e-01
1.492072339076892e-01
1.154113582362562e-01
1.156719788238218e-01
1.408661395169488e-01
1.545397720292586e-01
1.545397720292586e-01
1.545397720292586e-01
1.035541167396384e-01
1.281906479263497e-01
1.035541167396384e-01
1.441719044748452e-01
1.353726913564881e-01
1.546313665343642e-01
1.546313665343642e-01
1.498430284158125e-01
1.205592227860407e-01
1.310098458457572e-01
1.310098458457572e-01
1.581209785653909e-01
1.581209785653909e-01
1.476242838562106e-01
1.533991231810183e-01
1.533991231810183e-01
1.479666582519302e-01
1.374387030281884e-01
1.523283129879435e-01
1.419067376667885e-01
1.374387030281884e-01
1.568187956132573e-01
1.180663559907134e-01
1.334322698928641e-01
1.334322698928641e-01
1.334322698928641e-01
1.263431377253022e-01
1.187235430951380e-01
1.251725616498593e-01
1.251725616498593e-01
1.278811615407748e-01
1.269181268240130e-01
1.255415979753472e-01
1.166649819874850e-01
1.255415979753472e-01
1.318766260251385e-01
1.255415979753472e-01
1.139246080269486e-01
1.139246080269486e-01
1.191367081707256e-01
9.864015818090510e-02
9.864015818090510e-02
1.208976844544266e-01
1.575946754946047e-01
1.526952031927628e-01
1.208976844544266e-01
1.235903811299300e-01
1.394850439177208e-01
1.394850439177208e-01
1.902461533504032e-01
1.541536969888918e-01
1.541536969888918e-01
1.411602684948282e-01
1.411602684948282e-01
1.974088267968013e-01
1.499608512663008e-01
1.470485700614022e-01
1.414884367905066e-01
1.287002003116805e-01
1.414884367905066e-01
1.358523883545596e-01
1.287002003116805e-01
1.358523883545596e-01
1.358523883545596e-01
1.483001410846229e-01
1.362425671810823e-01
1.433305573357386e-01
1.433305573357386e-01
1.433305573357386e-01
1.503768283957274e-01
1.306616535808061e-01
1.399372796837059e-01
1.502010191990884e-01
1.667015829260525e-01
1.667015829260525e-01
1.946147728887409e-01
1.712792733391283e-01
1.846415911163705e-01
1.641728765181053e-01
1.140838341192911e-01
1.773993879464980e-01
1.647977351391315e-01
1.390969173152064e-01
1.456226481418961e-01
1.456226481418961e-01
1.474955075941068e-01
1.340212785774403e-01
1.324199116563074e-01
1.609416822487342e-01
1.609416822487342e-01
1.166859388249990e-01
1.547413644430930e-01
1.891160820290343e-01
1.776525235814337e-01
1.719578755241940e-01
1.483307354889170e-01
1.547418937171868e-01
9.458099271757539e-02
1.445988233285979e-01
1.445988233285979e-01
1.342613750885450e-01
1.445988233285979e-01
1.467592005499723e-01
9.849557578954721e-02
1.180370509898064e-01
1.163702275714175e-01
1.522247201575874e-01
1.522247201575874e-01
1.027394202487988e-01
1.402069987465760e-01
1.275886349397566e-01
1.275886349397566e-01
1.421847470079340e-01
1.179488738392773e-01
1.584820015430455e-01
1.584820015430455e-01
1.339004149527722e-01
1.584820015430455e-01
1.339004149527722e-01
1.191993044805958e-01
1.353753546545182e-01
1.191993044805958e-01
1.367916882821942e-01
1.378646565655986e-01
1.408568056443646e-01
1.719409497851534e-01
1.719409497851534e-01
1.719409497851534e-01
1.064469741436480e-01
1.367393509098688e-01
1.488916888754895e-01
1.312670685154451e-01
1.112373414374212e-01
1.312670685154451e-01
1.421050454866874e-01
1.194404327087558e-01
1.502912094197461e-01
1.412807590309315e-01
9.800856636263860e-02
1.429223490791673e-01
1.113172138774369e-01
1.838327842911714e-01
1.774998727289423e-01
1.774998727289423e-01
1.774998727289423e-01
1.774998727289423e-01
1.237441957692297e-01
1.354408071650600e-01
1.230338738737868e-01
1.384699178414961e-01
1.490350391100271e-01
1.277653759312073e-01
1.864541312159667e-01
1.277653759312073e-01
1.350371824429881e-01
1.350371824429881e-01
1.210127416734059e-01
1.210127416734059e-01
1.281945126311541e-01
1.714568435257774e-01
1.308883686242763e-01
1.308883686242763e-01
1.340351601838619e-01
1.171750245249733e-01
1.745130071450882e-01
1.171750245249733e-01
1.689410260670939e-01
1.370751914218392e-01
1.370751914218392e-01
1.568455207346490e-01
1.579656223271979e-01
1.307831836353226e-01
1.307831836353226e-01
1.307831836353226e-01
1.103022653612427e-01
1.229729148711797e-01
1.198386477764466e-01
1.180748216205489e-01
1.180748216205489e-01
1.180748216205489e-01
1.180867490241314e-01
1.180748216205489e-01
1.180867490241314e-01
1.180748216205489e-01
1.180748216205489e-01
1.405971510375705e-01
1.431170009086125e-01
1.537475772656540e-01
1.537475772656540e-01
1.537475772656540e-01
1.355999765524595e-01
1.050761283799022e-01
1.355999765524595e-01
1.000250076428179e-01
1.450892879265925e-01
1.406324029648424e-01
1.406324029648424e-01
1.484245749385017e-01
1.394226413162462e-01
1.147738711271285e-01
1.007011672843867e-01
1.431075978148276e-01
1.041922229067863e-01
1.180334641974249e-01
1.187736422773241e-01
1.919581588427834e-01
1.947240012305667e-01
1.659801169058814e-01
1.333266928428767e-01
1.669844017137227e-01
1.310744929777132e-01
1.238528955485851e-01
1.437613517815890e-01
1.496252421280561e-01
1.181351520630785e-01
1.080577811904382e-01
1.729614985780546e-01
1.080577811904382e-01
1.080577811904382e-01
1.510708617042440e-01
1.484532207128357e-01
1.440377651117196e-01
1.440377651117196e-01
1.632179758738670e-01
1.544661833782051e-01
1.580571960117535e-01
1.580571960117535e-01
1.573496552844068e-01
1.426358099702394e-01
1.426358099702394e-01
1.426358099702394e-01
1.426358099702394e-01
1.143489321529473e-01
1.448259382291306e-01
1.351682251791298e-01
1.407878412993750e-01
1.504505031532681e-01
1.407878412993750e-01
1.198021510306389e-01
1.358180413160767e-01
1.538526667172738e-01
1.538526667172738e-01
1.110303911471302e-01
1.538526667172738e-01
1.522626806371843e-01
1.284282680567730e-01
1.110303911471302e-01
1.110303911471302e-01
1.291490218961329e-01
1.110303911471302e-01
1.381825078527159e-01
1.456749882246521e-01
1.456749882246521e-01
1.306091236946996e-01
1.306091236946996e-01
1.561111029324939e-01
1.686043651968880e-01
1.561111029324939e-01
1.098293252404951e-01
1.508656556929798e-01
1.650988911691435e-01
1.785967750884676e-01
1.966722160717894e-01
2.006861216743890e-01
1.235677831239386e-01
1.760012783520802e-01
1.609286680892402e-01
1.198935401428769e-01
1.841936417123026e-01
1.841936417123026e-01
2.046439441609935e-01
1.835687506722374e-01
1.784001823073341e-01
1.334982323108960e-01
1.334982323108960e-01
1.563916149873832e-01
1.600847403957430e-01
1.944055384502750e-01
1.460359046288950e-01
1.460359046288950e-01
1.460359046288950e-01
1.753341194032327e-01
1.352501113955631e-01
1.661061268106301e-01
1.456139876896891e-01
1.325121169447663e-01
1.410827002783705e-01
1.410827002783705e-01
1.410827002783705e-01
1.410827002783705e-01
1.410827002783705e-01
1.516355948468167e-01
1.346611769777254e-01
1.261833818457713e-01
1.261833818457713e-01
1.441554254771157e-01
1.441554254771157e-01
1.660612824436134e-01
1.465501750603852e-01
1.660612824436134e-01
1.721914315897131e-01
1.102326136164321e-01
1.102326136164321e-01
1.102326136164321e-01
1.575877164773934e-01
1.575877164773934e-01
1.724972154737219e-01
1.131266810071642e-01
1.075887193903616e-01
1.517678555617213e-01
1.524387045321053e-01
1.079666596064270e-01
1.002002071521506e-01
1.002002071521506e-01
8.864469921700005e-02
1.027195529041329e-01
1.078245302377341e-01
1.022901077283635e-01
1.078245302377341e-01
1.080170915406724e-01
9.059888792660881e-02
9.887423527722297e-02
1.285472945674198e-01
1.131200641435949e-01
1.202585562648419e-01
1.281690300865438e-01
1.398167384431569e-01
1.525385062864382e-01
1.322130469540398e-01
1.522141238462045e-01
1.322130469540398e-01
1.322130469540398e-01
1.326778397417970e-01
1.803264744172863e-01
1.576637756201553e-01
1.845387613772375e-01
1.753225252721575e-01
1.335295324227720e-01
1.781840950729551e-01
1.781840950729551e-01
1.485075772100213e-01
1.932947661395560e-01
1.354735680588323e-01
1.354735680588323e-01
1.742690650786027e-01
1.742690650786027e-01
1.354735680588323e-01
1.337630787950404e-01
1.296791259679542e-01
1.817832641592565e-01
1.953172508883076e-01
1.988475627641799e-01
2.057098437697712e-01
2.057098437697712e-01
1.325684620127663e-01
1.325684620127663e-01
1.896708581108573e-01
2.075553652392036e-01
1.333188628581955e-01
1.333188628581955e-01
1.440569705582344e-01
1.440569705582344e-01
1.763972568400553e-01
1.456035571969131e-01
1.456035571969131e-01
1.612644844526055e-01
1.397432094553347e-01
1.469326739203788e-01
1.852834887199229e-01
1.397432094553347e-01
1.397432094553347e-01
1.687161226520165e-01
1.603952152794354e-01
1.382686719554761e-01
1.702232420766847e-01
1.384555532604392e-01
1.571192229129481e-01
1.768926825560958e-01
1.689866700058587e-01
1.526759370490588e-01
1.570744063360854e-01
1.108794206663464e-01
1.328042604325294e-01
1.123199503839780e-01
1.900346629185959e-01
1.328042604325294e-01
1.328042604325294e-01
1.722140558137805e-01
1.811625081701917e-01
1.272466009439818e-01
1.303667187315144e-01
1.487646759714117e-01
1.487646759714117e-01
1.303456049143353e-01
1.311877323133381e-01
1.557291787098481e-01
1.311877323133381e-01
1.311877323133381e-01
1.311877323133381e-01
1.327215647318828e-01
1.517706439779867e-01
1.366079835784959e-01
1.446589093851720e-01
1.473757997217316e-01
1.422973992372306e-01
1.381019434204224e-01
1.422973992372306e-01
1.528387981576459e-01
1.550278350563705e-01
1.458285409998386e-01
1.137998597194390e-01
1.458285409998386e-01
1.400075479280648e-01
1.569586798602882e-01
1.465779172424106e-01
1.400075479280648e-01
1.387884208629955e-01
1.290807225539950e-01
1.452311477843662e-01
1.140122276936055e-01
1.298662375744848e-01
1.111322542235700e-01
1.444362871644468e-01
1.111322542235700e-01
9.333755841687444e-02
1.143514242949521e-01
1.267188930409058e-01
1.267188930409058e-01
1.499392457751262e-01
1.267188930409058e-01
1.294518321006778e-01
1.282218446609872e-01
1.457621325764060e-01
1.093231465759699e-01
1.376626872949781e-01
1.376626872949781e-01
1.145866602013744e-01
1.145866602013744e-01
1.145866602013744e-01
1.414488496695081e-01
1.341343977121943e-01
1.204920046711957e-01
1.495838210645457e-01
1.449827412970764e-01
1.449827412970764e-01
1.449827412970764e-01
1.449827412970764e-01
1.290804375086767e-01
1.142872496678337e-01
1.585439517456281e-01
1.387071088114075e-01
1.331830980344546e-01
1.672993550682848e-01
1.606396107448402e-01
1.331830980344546e-01
1.313217362174968e-01
1.257443706784331e-01
1.268518396490291e-01
1.268518396490291e-01
1.358074804744770e-01
1.254258199259595e-01
1.556174640210436e-01
1.654711604851164e-01
1.648005842115688e-01
1.083231109560747e-01
1.083231109560747e-01
1.205277215500858e-01
1.081413361584186e-01
1.507836002415747e-01
1.498859355534221e-01
1.529947417984632e-01
1.359910169029739e-01
1.639713123857924e-01
1.304320002466218e-01
1.502118563795712e-01
1.528725137132232e-01
1.192925798270998e-01
1.562379285184065e-01
1.562379285184065e-01
1.449073454791999e-01
1.188145416814148e-01
1.310605763887195e-01
1.310605763887195e-01
1.419608353135270e-01
1.483057637301113e-01
1.465732129339820e-01
1.154041762956957e-01
1.154041762956957e-01
1.154041762956957e-01
1.154041762956957e-01
1.381893381587566e-01
1.520364275508284e-01
1.520364275508284e-01
1.450816469643648e-01
1.156089745895596e-01
1.403450315831704e-01
1.561926233976663e-01
1.403450315831704e-01
1.576919884413427e-01
1.403450315831704e-01
1.197904944746997e-01
1.281515859463187e-01
1.197904944746997e-01
1.600348792447343e-01
1.197904944746997e-01
1.600348792447343e-01
1.797680020419713e-01
1.197904944746997e-01
1.201170035209271e-01
1.686856317153436e-01
1.056084761227231e-01
1.201170035209271e-01
1.588715087607920e-01
1.252644778290404e-01
1.062678634868396e-01
1.118602196754335e-01
1.295209921767360e-01
1.295209921767360e-01
1.228782069800258e-01
1.116221060754624e-01
1.446297500541088e-01
1.446297500541088e-01
1.005646768218905e-01
1.005646768218905e-01
1.059806198193707e-01
1.188976515445998e-01
1.441525975963746e-01
1.344609769285566e-01
1.344609769285566e-01
1.624961158250044e-01
1.321041667150535e-01
1.376466922397539e-01
1.415536196945480e-01
1.253509828629831e-01
1.239970123433279e-01
1.383481622221165e-01
1.531183473962410e-01
1.479429509354921e-01
1.479429509354921e-01
1.525697433490765e-01
1.589970923378272e-01
1.254837349596835e-01
1.236056242532186e-01
1.133880313901963e-01
1.058470383070722e-01
1.146816074148439e-01
1.448874410954961e-01
1.448874410954961e-01
1.457749891437457e-01
1.457749891437457e-01
1.457749891437457e-01
1.312836979246304e-01
1.312836979246304e-01
1.429124820320108e-01
1.691137854383180e-01
1.664335539821682e-01
1.442665059220582e-01
1.499741262662139e-01
1.523092188240655e-01
1.693174113411918e-01
1.523092188240655e-01
1.693174113411918e-01
1.431323024308966e-01
1.602997936526561e-01
1.535305821423729e-01
1.526809449952715e-01
1.228091747549947e-01
1.734032244192865e-01
1.098076388320595e-01
1.402967542105460e-01
1.189332780339101e-01
1.708778540553312e-01
1.454582082411699e-01
1.243504027307041e-01
1.243504027307041e-01
1.294205501261937e-01
1.149284559798335e-01
1.971166808307550e-01
1.535669383900441e-01
1.537337929337412e-01
1.537337929337412e-01
1.419253873403188e-01
1.861965716757167e-01
1.428520122271553e-01
1.287510313799816e-01
1.400732069493827e-01
2.085017829894148e-01
2.085017829894148e-01
2.085017829894148e-01
2.073418441159452e-01
2.091199855871124e-01
8.693587715495824e-02
2.091199855871124e-01
9.401486423481510e-02
1.251122871110429e-01
1.190270072570519e-01
1.500983997046871e-01
1.232991092142261e-01
1.500983997046871e-01
1.851047319646178e-01
1.851047319646178e-01
1.265006127625740e-01
1.504512707497986e-01
1.504512707497986e-01
1.504512707497986e-01
1.504512707497986e-01
1.418064748500836e-01
1.208068220596876e-01
1.152202846468146e-01
1.122995025804992e-01
1.481373169903491e-01
1.414871827722689e-01
1.404116186638993e-01
1.395236699890258e-01
1.254232938910699e-01
1.174720807272618e-01
1.397229691284974e-01
1.174720807272618e-01
1.174720807272618e-01
1.113046093364830e-01
1.441000531660808e-01
1.209747435831222e-01
1.100001580715935e-01
1.416398442909559e-01
1.416398442909559e-01
1.304165785128838e-01
1.206071219293696e-01
1.377250495926038e-01
1.377250495926038e-01
8.737479273727533e-02
8.737479273727533e-02
9.994220926623604e-02
1.447441813399638e-01
9.433205533313599e-02
1.086634762238874e-01
1.354354875886106e-01
1.354354875886106e-01
1.308613096865665e-01
1.308613096865665e-01
1.302257883373437e-01
1.466957540087222e-01
1.466957540087222e-01
1.327306411522752e-01
1.467562533560143e-01
1.008528272043791e-01
1.581165792344092e-01
1.467562533560143e-01
1.467562533560143e-01
7.945693394404350e-02
8.811791338412069e-02
8.811791338412069e-02
1.377426880432762e-01
9.657900817602401e-02
1.147588095040897e-01
1.041224229365784e-01
1.081232544446940e-01
1.406481998896772e-01
9.127440909116336e-02
9.127440909116336e-02
1.335114627900992e-01
1.317614486021682e-01
1.312659295831029e-01
1.312659295831029e-01
1.268106715445947e-01
1.739651671003525e-01
1.739651671003525e-01
1.159753377767785e-01
1.739651671003525e-01
1.739651671003525e-01
1.739651671003525e-01
9.569776712418844e-02
1.811243105427030e-01
1.811243105427030e-01
1.811243105427030e-01
1.540109624680083e-01
1.309286365917846e-01
1.309286365917846e-01
1.103152774852438e-01
1.320169811773305e-01
1.354714319038631e-01
1.531892066929092e-01
1.109459876162201e-01
1.109459876162201e-01
1.109459876162201e-01
1.109459876162201e-01
1.236005932811402e-01
1.019108338061448e-01
1.026192186309896e-01
1.111539474630204e-01
1.457764547248078e-01
1.026269278916052e-01
1.026269278916052e-01
1.264201269972312e-01
1.096536848229585e-01
1.026269278916052e-01
1.405935366972718e-01
1.008122166069153e-01
9.797537954411931e-02
8.868619597620633e-02
9.797537954411931e-02
1.658493918357333e-01
1.085724320682472e-01
1.027940525662925e-01
1.110932885248773e-01
1.103769547175379e-01
1.551824179530649e-01
1.198386226847562e-01
1.198386226847562e-01
1.829264517777810e-01
1.798066351693376e-01
1.798066351693376e-01
1.294539289359918e-01
1.838071346820654e-01
1.432234170158684e-01
1.162747902076593e-01
1.357961070405309e-01
1.788671309132241e-01
1.116039346882100e-01
1.721547340300976e-01
1.721547340300976e-01
1.721547340300976e-01
1.224546525480267e-01
1.135305023989403e-01
1.221492139389106e-01
1.274333636788927e-01
1.087168397208644e-01
1.123862109211851e-01
1.235878376718035e-01
1.199434172775785e-01
1.199434172775785e-01
1.468714078810267e-01
9.761263458996068e-02
1.478248147982469e-01
1.478248147982469e-01
1.034693574452493e-01
1.283369537074829e-01
9.352473755299362e-02
1.829414021548310e-01
1.118232130351813e-01
9.352473755299362e-02
1.558223386942597e-01
9.033958475380942e-02
9.495645252464331e-02
1.075377000365711e-01
1.543191013829036e-01
1.657823091315987e-01
1.075377000365711e-01
1.763671930424200e-01
1.418318772419954e-01
1.299210607129481e-01
1.487713698260283e-01
1.349330152566949e-01
1.397739058890790e-01
1.397739058890790e-01
1.393423755609105e-01
1.393423755609105e-01
1.957648351503480e-01
1.393423755609105e-01
2.002161686306832e-01
1.998194924809353e-01
1.806756643079478e-01
1.489302794317550e-01
1.766355620383547e-01
1.477185329975258e-01
1.477185329975258e-01
1.126847510589305e-01
1.473506491659491e-01
1.494834592415765e-01
9.475092782773642e-02
1.231951000714353e-01
1.122395525396513e-01
1.354162898563545e-01
1.278026584824553e-01
1.278026584824553e-01
1.182410014707639e-01
1.521541596394338e-01
1.198686472285485e-01
1.813532057419171e-01
1.813532057419171e-01
1.539384523192806e-01
1.539384523192806e-01
1.565178914011760e-01
1.717318808285277e-01
1.494356584199752e-01
1.369122956816421e-01
1.582713748782505e-01
1.602460522192136e-01
1.369122956816421e-01
1.309566944414953e-01
1.601234785260388e-01
1.601234785260388e-01
1.479321140710524e-01
1.604686921625042e-01
1.604686921625042e-01
1.788807672669142e-01
1.903026443019502e-01
1.932225685380578e-01
1.060310517362522e-01
1.896155940633762e-01
1.060310517362522e-01
1.730195286581164e-01
9.469034081251690e-02
1.339246520237643e-01
1.181988486669073e-01
1.948009706076818e-01
1.414461106875720e-01
1.735866027919316e-01
1.505183948946593e-01
1.638537002047631e-01
9.634751110438841e-02
1.505183948946593e-01
1.493505757636453e-01
1.329390963631720e-01
1.329390963631720e-01
1.172368679810749e-01
1.034826620305431e-01
1.034826620305431e-01
1.056724846263218e-01
1.056724846263218e-01
1.239017957036322e-01
1.239017957036322e-01
1.144734997955143e-01
9.991496794430602e-02
1.221570383847692e-01
1.341875890569690e-01
1.147442020047509e-01
1.455048427720346e-01
1.770223117926197e-01
1.630706919573607e-01
1.630706919573607e-01
1.630706919573607e-01
9.626347393995621e-02
1.515854800759582e-01
1.598957027275635e-01
1.396852954803662e-01
1.452154484719023e-01
1.538872147846133e-01
1.638823641582022e-01
1.243862632353458e-01
1.895280987152990e-01
1.895280987152990e-01
1.387856603516322e-01
1.640039582182972e-01
1.145041273982447e-01
1.145041273982447e-01
1.158181151812377e-01
1.158181151812377e-01
1.156360839745189e-01
1.693841895452843e-01
1.551566575329540e-01
1.485268530616886e-01
1.585970859316431e-01
1.561315112952999e-01
1.561315112952999e-01
1.585970859316431e-01
1.585970859316431e-01
1.618113555241830e-01
1.615346369122708e-01
1.615346369122708e-01
9.230127380916738e-02
1.483212111500954e-01
1.530760953435359e-01
1.230675382209348e-01
1.457377959802669e-01
1.187522110249896e-01
1.441661677746483e-01
1.441661677746483e-01
1.392339344835425e-01
1.084297791611527e-01
1.084297791611527e-01
1.392339344835425e-01
9.836163549752348e-02
1.392339344835425e-01
1.058122724654144e-01
1.113425383660012e-01
9.746279944584223e-02
1.056579663110015e-01
1.056579663110015e-01
1.056579663110015e-01
1.056579663110015e-01
1.535555500904581e-01
1.606583348237448e-01
1.606583348237448e-01
1.131699805317622e-01
1.170487120303704e-01
1.192725181130310e-01
1.192725181130310e-01
1.192725181130310e-01
1.192725181130310e-01
1.429706752301786e-01
1.429706752301786e-01
1.176925307472433e-01
1.210802550394665e-01
1.299137517941543e-01
1.206605385304114e-01
1.710599794883437e-01
1.849954913464626e-01
1.814858475770892e-01
1.689410103024568e-01
1.689410103024568e-01
1.689410103024568e-01
1.689410103024568e-01
1.387720371538456e-01
1.689410103024568e-01
1.024725848416012e-01
1.712929504931031e-01
1.024725848416012e-01
1.458975434521959e-01
1.619466846384589e-01
1.232573663898994e-01
1.592256902561044e-01
1.232573663898994e-01
1.322922472106172e-01
1.322922472106172e-01
1.153191167013972e-01
1.346171699080519e-01
1.388405994362962e-01
1.559162634299364e-01
1.539979968090524e-01
1.539979968090524e-01
1.509341585511687e-01
1.509341585511687e-01
1.413088976348598e-01
1.633610403957723e-01
1.726332329545563e-01
1.501899775766035e-01
1.550960700620795e-01
1.718895106317954e-01
1.718895106317954e-01
1.352734466784741e-01
1.297187584983620e-01
1.188945062862332e-01
1.452149522769371e-01
1.266022031528072e-01
1.372092174980547e-01
1.404122531276718e-01
1.216879267497305e-01
1.372092174980547e-01
1.285087616219242e-01
1.285087616219242e-01
1.285087616219242e-01
1.304831649538774e-01
1.192945044354393e-01
1.192945044354393e-01
1.673653379580348e-01
1.517778909407237e-01
1.518913906083726e-01
1.026611406044336e-01
1.147559456910332e-01
1.147559456910332e-01
1.404386314453189e-01
1.320696867841203e-01
1.353005705728036e-01
1.353005705728036e-01
1.243904914812351e-01
1.519272099405223e-01
1.519272099405223e-01
1.243904914812351e-01
1.340658707154916e-01
1.770620596652704e-01
1.389118822625288e-01
1.389118822625288e-01
1.382178055824615e-01
1.568294602606082e-01
1.340658707154916e-01
1.340658707154916e-01
1.427698446362387e-01
1.268164803458340e-01
1.268164803458340e-01
1.560537398145682e-01
1.080833522376209e-01
9.955707567554430e-02
9.955707567554430e-02
9.955707567554430e-02
1.340800150816029e-01
1.340800150816029e-01
1.058354834238154e-01
1.512396696735133e-01
1.269801118407604e-01
1.512396696735133e-01
1.474015382378160e-01
1.474015382378160e-01
1.474015382378160e-01
1.213484553617111e-01
1.652090747004706e-01
1.453457298420411e-01
1.126522480667910e-01
1.400989204099337e-01
1.405820065718000e-01
1.192029755897478e-01
1.413085649775720e-01
1.192029755897478e-01
1.521239553316703e-01
1.108544372026630e-01
9.095795921897304e-02
8.619674732491325e-02
1.594067475584338e-01
1.262681709934332e-01
1.594067475584338e-01
9.706368663650579e-02
1.154640946133359e-01
1.036605954712677e-01
1.264060795503721e-01
1.713992809976045e-01
1.310321499167451e-01
1.132871107419921e-01
1.332039064815372e-01
1.163167814135660e-01
1.163167814135660e-01
1.463817081905289e-01
1.490060682922172e-01
9.177074254956653e-02
1.469489270754339e-01
1.469489270754339e-01
1.519169734874786e-01
1.469489270754339e-01
9.131714236455810e-02
9.684519575417593e-02
1.586291017878271e-01
1.431510848794940e-01
2.087780498277032e-01
1.405491272150943e-01
1.233517917685089e-01
1.402170287337923e-01
1.405491272150943e-01
1.442515484547757e-01
1.507429827314849e-01
1.195479491337721e-01
1.594435648458767e-01
1.504087986023998e-01
1.194783535560468e-01
1.018965960229724e-01
1.018965960229724e-01
1.169932616251196e-01
1.615775116285228e-01
1.286404713944670e-01
1.576279592492488e-01
1.576279592492488e-01
1.591403199688798e-01
1.554975355486899e-01
1.765199510252295e-01
1.557722366701099e-01
1.557722366701099e-01
1.374102215556687e-01
1.610897367503586e-01
1.551596459451427e-01
1.780442318127644e-01
1.523947997704965e-01
1.303007415760909e-01
1.396183889183062e-01
1.396183889183062e-01
1.396183889183062e-01
1.742373514150819e-01
1.742373514150819e-01
1.354657026174534e-01
1.307452869612961e-01
1.249726987155036e-01
1.291414985707669e-01
9.807313466645853e-02
9.807313466645853e-02
1.482191751134587e-01
1.604071212741870e-01
1.112768041018432e-01
9.755590281229182e-02
1.202011724309628e-01
1.036305642368678e-01
1.036305642368678e-01
1.262791713403914e-01
1.139643075451259e-01
1.801380355805239e-01
1.559845259275769e-01
1.348467304697716e-01
1.418046595384863e-01
1.434400940968223e-01
1.021945775467365e-01
1.434400940968223e-01
1.368464363863572e-01
1.021945775467365e-01
1.368464363863572e-01
1.122240291110320e-01
9.163399356278229e-02
9.608648453514222e-02
1.138021824146011e-01
1.184786074694876e-01
1.102613716033769e-01
8.133849140523917e-02
8.133849140523917e-02
8.792570495610078e-02
9.583051169487404e-02
1.098779256836072e-01
1.190590691120599e-01
1.190590691120599e-01
1.505825938420497e-01
1.343561745058827e-01
1.395798528122153e-01
1.514054685877277e-01
9.737228028730056e-02
1.638304064797990e-01
1.037327032475138e-01
1.488240493967567e-01
1.488240493967567e-01
1.037327032475138e-01
9.976632683095919e-02
9.976632683095919e-02
1.580186288824062e-01
8.737960270725589e-02
8.737960270725589e-02
1.501276202887566e-01
1.257230632585809e-01
1.376849136044685e-01
1.095457055488068e-01
1.095457055488068e-01
1.431186743006210e-01
9.917230956579076e-02
1.520195744835810e-01
1.520195744835810e-01
1.520195744835810e-01
1.520195744835810e-01
9.457536769557329e-02
1.390910496554925e-01
1.730236555667874e-01
1.619033256773813e-01
1.711812096336858e-01
1.711812096336858e-01
1.711812096336858e-01
1.711812096336858e-01
1.619033256773813e-01
1.426871964413194e-01
1.307292906913664e-01
1.452321287740318e-01
1.452321287740318e-01
1.183857496975006e-01
1.763163056008416e-01
1.413399484211271e-01
1.836058832530610e-01
1.654173383466128e-01
1.566622594134128e-01
1.462545990434891e-01
1.566622594134128e-01
1.561079393528254e-01
1.401466638580364e-01
1.377771231229907e-01
1.401466638580364e-01
1.362057399655171e-01
1.401466638580364e-01
1.401466638580364e-01
1.302741149506392e-01
1.302741149506392e-01
9.761187727679994e-02
9.228765185776516e-02
1.302741149506392e-01
1.210731843461953e-01
1.229892658028221e-01
1.192985678519587e-01
1.550627387598499e-01
1.126245271527275e-01
1.368333006833629e-01
1.471326763382717e-01
1.471326763382717e-01
1.391758926752763e-01
1.543919889540201e-01
1.543919889540201e-01
1.543919889540201e-01
1.543919889540201e-01
1.917079578259649e-01
1.511522389539050e-01
1.917079578259649e-01
9.843996097270190e-02
9.583019737968888e-02
1.134067701319992e-01
1.183675747283193e-01
1.147064180354049e-01
1.622856966441920e-01
1.622856966441920e-01
1.376549659993960e-01
1.622856966441920e-01
1.547606205798022e-01
1.547606205798022e-01
1.053614537672187e-01
1.053614537672187e-01
1.687104736224858e-01
1.471455100462763e-01
1.455376880228182e-01
1.455376880228182e-01
1.494706200770204e-01
1.388812240812893e-01
1.076001222596610e-01
1.176955611954691e-01
1.176955611954691e-01
1.165934499822057e-01
1.439108132553078e-01
1.277242206085225e-01
1.277242206085225e-01
1.545467309524294e-01
1.367835343101862e-01
1.164281706661335e-01
1.251549919175087e-01
1.269404850918214e-01
1.091827276464106e-01
1.156454637195496e-01
1.227559876047574e-01
1.306357031888921e-01
1.504787929906097e-01
1.504787929906097e-01
1.383057322176002e-01
1.291207240950643e-01
1.376886979478771e-01
1.328195234344028e-01
1.325423797641618e-01
1.701752733305285e-01
1.325423797641618e-01
1.328195234344028e-01
1.701752733305285e-01
1.285097973550402e-01
1.285097973550402e-01
1.285097973550402e-01
1.285097973550402e-01
1.861567658550237e-01
1.861567658550237e-01
1.112368964055854e-01
1.310937058589535e-01
1.953531868484515e-01
1.785919943287133e-01
1.114772907384969e-01
1.114772907384969e-01
1.313591288881855e-01
1.741629175500448e-01
1.210927731643281e-01
1.741629175500448e-01
1.897527499037357e-01
1.897527499037357e-01
1.257545765880521e-01
1.453657477582508e-01
1.308286058801529e-01
1.548706312826774e-01
1.170392141489122e-01
1.344439088535511e-01
1.054981008947859e-01
1.241574666397777e-01
1.390790408712657e-01
1.086704364208330e-01
1.086704364208330e-01
1.080422903331297e-01
1.458456736991278e-01
1.458456736991278e-01
9.991105517272289e-02
1.253843518065028e-01
1.266247051282448e-01
1.220533853858866e-01
1.220533853858866e-01
1.290802460226084e-01
1.170546788942546e-01
1.512123266016040e-01
1.486316111485210e-01
1.579862225209426e-01
1.230443495973910e-01
1.244843808067597e-01
1.504189841969577e-01
1.504189841969577e-01
1.268122845972787e-01
1.192825656549399e-01
1.410659959624172e-01
1.395450254115125e-01
1.694027452167831e-01
1.395273572115422e-01
1.694027452167831e-01
1.122190947723738e-01
1.467807538122285e-01
1.450713664296188e-01
1.450713664296188e-01
1.435428859101052e-01
1.435428859101052e-01
1.356038310448434e-01
1.500781508535858e-01
1.500781508535858e-01
1.788095096857795e-01
1.316743976714681e-01
1.316743976714681e-01
1.469532206603936e-01
1.275091946223805e-01
1.480933982296843e-01
1.469532206603936e-01
1.404494806649572e-01
1.512517299743149e-01
1.867126307656109e-01
1.458802805601641e-01
1.458802805601641e-01
1.238301476388571e-01
1.341652220252678e-01
1.606944518876118e-01
1.222301702274574e-01
1.222301702274574e-01
1.419980052914974e-01
1.419980052914974e-01
1.173494615131147e-01
1.419980052914974e-01
1.419980052914974e-01
1.419980052914974e-01
1.419980052914974e-01
1.197399062266332e-01
1.415757636386727e-01
1.411761093022712e-01
1.415757636386727e-01
1.403401197933994e-01
1.264835429276789e-01
1.655821620734441e-01
1.655821620734441e-01
1.412002635760989e-01
1.412002635760989e-01
8.949456395456666e-02
1.402836661099488e-01
1.266265228604956e-01
1.431647691414120e-01
1.236415606608574e-01
1.584773415375985e-01
1.166225283619782e-01
1.121697145289521e-01
1.166225283619782e-01
1.157711047762138e-01
1.157711047762138e-01
1.877975869295251e-01
1.217171513965184e-01
1.386728500299318e-01
1.369608927006468e-01
1.326206424793218e-01
1.631006387812202e-01
1.631006387812202e-01
1.552247980308420e-01
1.277752611656095e-01
1.387325074174904e-01
1.473245662393251e-01
1.476025790772446e-01
1.381913789791760e-01
1.419525305602208e-01
1.471568052703634e-01
1.471568052703634e-01
1.280142963069264e-01
1.280142963069264e-01
1.433235111347076e-01
1.321150335941823e-01
1.321150335941823e-01
1.465175646747204e-01
1.276942440648569e-01
1.245663185784578e-01
1.376086982141181e-01
1.376086982141181e-01
1.376086982141181e-01
1.420103714754494e-01
1.145516407270435e-01
1.210303949774779e-01
1.393673352493373e-01
1.422990612871284e-01
1.350906061396338e-01
9.886181054731770e-02
1.350906061396338e-01
1.126699730731239e-01
1.028994641048829e-01
1.347229660118881e-01
1.243154499933423e-01
1.242078289689509e-01
1.365024974952869e-01
1.071075085617303e-01
1.345649911213938e-01
1.125403103443137e-01
1.142456675990806e-01
1.473975535564576e-01
1.142456675990806e-01
1.473975535564576e-01
1.473975535564576e-01
1.301708620345994e-01
1.284378502202149e-01
1.523596982240268e-01
1.284378502202149e-01
1.284378502202149e-01
1.555359035935615e-01
1.318053561896710e-01
1.397144591886182e-01
1.307063894145437e-01
1.421201941578214e-01
1.191663521805199e-01
1.694375475411523e-01
1.694375475411523e-01
1.694375475411523e-01
1.552816623449849e-01
1.634385927960378e-01
9.946726626444681e-02
1.256827505165226e-01
1.256827505165226e-01
1.605854352502283e-01
1.249518980041208e-01
1.631568345705379e-01
1.363662820630904e-01
1.946887045256474e-01
1.277052329113067e-01
1.673904718255616e-01
1.673904718255616e-01
1.359608786862557e-01
1.577095492778944e-01
1.120196515211004e-01
1.577095492778944e-01
1.671546300269018e-01
1.671546300269018e-01
1.777036318263816e-01
1.498077593602340e-01
1.498077593602340e-01
1.540566305916092e-01
1.364767003195354e-01
1.364767003195354e-01
1.352840721470392e-01
1.050633906273584e-01
1.100561386952544e-01
1.100561386952544e-01
1.674711349395460e-01
1.022858181797331e-01
1.186222428189379e-01
1.186222428189379e-01
1.438022405995673e-01
1.147604091961789e-01
1.543245892842049e-01
1.543245892842049e-01
1.471879368797495e-01
1.709711740304183e-01
1.686506582346071e-01
1.652235901895784e-01
1.686506582346071e-01
1.827362371864233e-01
1.792376681355224e-01
1.406890765376138e-01
1.507804544002224e-01
1.490355076811651e-01
1.558383638118190e-01
1.558383638118190e-01
1.710501763653214e-01
1.710501763653214e-01
1.114059893147895e-01
1.114059893147895e-01
1.114059893147895e-01
1.519249024286231e-01
1.519249024286231e-01
1.126409956326770e-01
1.055064650438144e-01
1.055064650438144e-01
1.266094189292640e-01
1.289787739179550e-01
1.658909609165237e-01
1.282137958816058e-01
1.581580614272261e-01
1.379643735910250e-01
9.794837995543061e-02
1.604536196456995e-01
1.100176918585093e-01
1.100176918585093e-01
1.358467647151862e-01
1.782545122684583e-01
1.587437970247770e-01
1.578578754252461e-01
1.115632105105718e-01
1.943615294987805e-01
1.820918226384221e-01
1.467961269973155e-01
1.467961269973155e-01
1.973994639291728e-01
2.118998418756739e-01
1.856679309744577e-01
1.925701184102625e-01
1.452261019562026e-01
1.925701184102625e-01
1.925701184102625e-01
1.148249961242638e-01
1.003731362771886e-01
1.444617752197462e-01
1.232896582386234e-01
1.413134286257940e-01
1.396216144947471e-01
1.224512587917903e-01
1.351606861335571e-01
1.488557276991581e-01
1.488557276991581e-01
8.846209011658414e-02
1.488557276991581e-01
1.173543682476197e-01
1.173543682476197e-01
1.173543682476197e-01
1.120665698295491e-01
1.562278068734161e-01
1.579156705872211e-01
1.442541858969748e-01
9.509460805453204e-02
9.509460805453204e-02
1.573896287479972e-01
1.573896287479972e-01
1.550776287058307e-01
8.577626772256070e-02
1.550776287058307e-01
1.550776287058307e-01
8.894803387704853e-02
8.377495461893096e-02
1.198176920140331e-01
1.198176920140331e-01
1.142099878551626e-01
7.446982268407461e-02
1.030108853274612e-01
1.030108853274612e-01
1.142099878551626e-01
1.122344205766760e-01
1.379265981104977e-01
1.596736630837348e-01
9.064485873338361e-02
1.079110236111180e-01
1.568162147628143e-01
1.533822225687261e-01
1.237096611865320e-01
1.654467680880931e-01
1.293214920397358e-01
1.293214920397358e-01
1.235358634023915e-01
1.479847433559127e-01
1.277135286764274e-01
1.681640200490725e-01
1.681640200490725e-01
1.277135286764274e-01
1.277135286764274e-01
1.264915782390819e-01
1.505864119451317e-01
1.282783497651632e-01
1.477532066819194e-01
1.550319924651212e-01
1.864045418071298e-01
1.864045418071298e-01
1.561777814741201e-01
1.996624340347032e-01
1.581007305045224e-01
1.561777814741201e-01
1.198930891746545e-01
1.198930891746545e-01
1.500397462721135e-01
1.500397462721135e-01
1.357463907558818e-01
1.450210141124231e-01
1.396926287766079e-01
1.267108727574361e-01
1.288362552833112e-01
1.267108727574361e-01
1.431111905295970e-01
1.267108727574361e-01
1.288362552833112e-01
1.288362552833112e-01
1.288362552833112e-01
1.381595180880109e-01
1.381595180880109e-01
1.140233116111665e-01
1.469760314777356e-01
1.054049708869763e-01
1.648614401334063e-01
1.648614401334063e-01
1.221581094110283e-01
1.478431248041205e-01
1.648614401334063e-01
1.256886344890792e-01
1.256886344890792e-01
1.256886344890792e-01
1.352711280205927e-01
1.085501093469457e-01
1.292424255481818e-01
1.312201689058444e-01
1.744816980801391e-01
1.447362362965139e-01
1.096863684153247e-01
1.451489755718856e-01
1.333844105935308e-01
1.333844105935308e-01
1.071565922859315e-01
1.071565922859315e-01
1.071565922859315e-01
8.755021935054870e-02
1.009441307102656e-01
1.242370249386972e-01
1.242370249386972e-01
9.815950712851113e-02
9.815950712851113e-02
1.409123050523391e-01
9.815950712851113e-02
1.627314762508227e-01
1.409123050523391e-01
1.623210082652018e-01
1.766239949281538e-01
1.666316915443128e-01
1.375727612898758e-01
1.668563585755851e-01
1.958992281894231e-01
1.668563585755851e-01
1.703939454110283e-01
1.703939454110283e-01
1.603984421550107e-01
1.532120897899469e-01
1.392753872417835e-01
1.158078672575954e-01
1.384318084939855e-01
9.984074485624349e-02
9.985255299439291e-02
1.146842991953454e-01
1.082796317705786e-01
1.082796317705786e-01
1.312818189953070e-01
9.213064896118753e-02
9.213064896118753e-02
9.213064896118753e-02
9.213064896118753e-02
1.274031644364163e-01
1.343390928719324e-01
1.360827705916290e-01
1.360827705916290e-01
1.360827705916290e-01
1.360827705916290e-01
1.044542324585849e-01
1.071190458967138e-01
1.071190458967138e-01
1.343450004830988e-01
1.206350275103060e-01
1.454420470629234e-01
1.454420470629234e-01
1.581543149631909e-01
1.090214507155020e-01
1.090214507155020e-01
1.311847323635773e-01
1.219563142445239e-01
1.272139585112230e-01
1.090214507155020e-01
1.408898615351495e-01
1.090214507155020e-01
1.218596409085342e-01
1.344363289393435e-01
1.434640508507008e-01
1.434640508507008e-01
1.434640508507008e-01
1.037252028823848e-01
1.135648315072443e-01
1.243898884195223e-01
1.391020138053723e-01
1.177214205907254e-01
1.012400286510988e-01
1.391020138053723e-01
8.835472523861733e-02
1.454132047984010e-01
1.102469306546253e-01
1.145024374168558e-01
1.499561509679902e-01
1.499561509679902e-01
1.217768166164600e-01
1.499561509679902e-01
1.499561509679902e-01
1.013528692847295e-01
1.013528692847295e-01
1.170881675689662e-01
1.109220950281528e-01
1.021223215249757e-01
1.021223215249757e-01
1.109220950281528e-01
1.013299018525152e-01
1.433541912403916e-01
1.506471731689814e-01
1.506471731689814e-01
1.423843655419278e-01
1.396074957088608e-01
1.513882142214420e-01
1.419595311672135e-01
1.162528181181397e-01
1.162528181181397e-01
1.654272650098672e-01
1.090304304498477e-01
1.090304304498477e-01
1.090304304498477e-01
1.090304304498477e-01
1.068117823976675e-01
1.088941945781302e-01
1.434491854302975e-01
1.161654655163014e-01
1.214998433630666e-01
1.183558144974816e-01
1.125206864180387e-01
1.209941720939887e-01
1.312148737950783e-01
1.211970758366994e-01
1.211970758366994e-01
1.211970758366994e-01
1.605664422299948e-01
1.559946488537300e-01
1.698336890115918e-01
1.698336890115918e-01
1.623086674428096e-01
1.698336890115918e-01
1.640431842064314e-01
1.303263327644295e-01
1.088265294431876e-01
1.088265294431876e-01
1.088265294431876e-01
1.088265294431876e-01
1.054026795678733e-01
1.289108440736247e-01
1.372498205855569e-01
1.372498205855569e-01
1.654431369956981e-01
1.283470747215218e-01
1.305495679335617e-01
1.367278075506893e-01
1.135339194109288e-01
1.756766400627703e-01
1.700866318138602e-01
1.465111317212204e-01
1.332571582115742e-01
1.732770757004724e-01
1.732770757004724e-01
1.632203756185221e-01
1.150068729373547e-01
1.150068729373547e-01
1.287868667735556e-01
1.493148891633859e-01
1.226556289358660e-01
1.350452742242789e-01
1.186606932927978e-01
1.186606932927978e-01
1.186606932927978e-01
1.403181485041812e-01
1.403181485041812e-01
1.332764063018191e-01
1.486157010181260e-01
1.212553466093691e-01
1.248521255364004e-01
1.659619427816895e-01
1.248521255364004e-01
1.644624253378301e-01
1.103948955396031e-01
1.368565439458540e-01
1.505307807112925e-01
1.615868895331346e-01
1.797554011610249e-01
1.586186801372714e-01
1.580194100994656e-01
1.586186801372714e-01
1.586186801372714e-01
1.586186801372714e-01
1.580194100994656e-01
1.580194100994656e-01
1.562085341833040e-01
1.387411040789391e-01
1.660922033491021e-01
1.253698977046710e-01
1.135822315995672e-01
1.686962975287711e-01
1.019800377826144e-01
1.574298126461033e-01
1.190374043938267e-01
1.808052745837952e-01
1.019800377826144e-01
1.038357055422690e-01
1.134584437070141e-01
1.596363426433468e-01
1.279371952782005e-01
1.596363426433468e-01
1.596363426433468e-01
1.657159018537297e-01
1.433162052531542e-01
1.129085691490552e-01
1.338141914625707e-01
1.307941573289847e-01
1.090924716351383e-01
1.338141914625707e-01
1.035425443070114e-01
1.241061066362238e-01
1.241061066362238e-01
1.673837367026535e-01
1.241061066362238e-01
1.673837367026535e-01
1.267796952639353e-01
1.267796952639353e-01
1.704027470403841e-01
1.100588479676925e-01
1.866449178006929e-01
1.866449178006929e-01
9.133152785670746e-02
1.012033819643264e-01
1.257350060815565e-01
1.866449178006929e-01
1.866449178006929e-01
1.352934366390002e-01
1.537872531076572e-01
1.547692774647712e-01
1.781229466393113e-01
1.781229466393113e-01
1.544902280634005e-01
1.568596425237005e-01
1.568596425237005e-01
1.544902280634005e-01
1.394271650342463e-01
1.252170215484821e-01
1.252170215484821e-01
1.070631806558981e-01
1.320945549600089e-01
1.532339402319160e-01
1.732325825600259e-01
1.883812941738292e-01
9.676753771079190e-02
1.118355779141482e-01
1.118355779141482e-01
1.545782702816496e-01
1.118355779141482e-01
1.245623109858087e-01
1.734515585199981e-01
1.734515585199981e-01
1.496871428027854e-01
1.369674740210318e-01
1.578699457123480e-01
1.538470919621680e-01
1.525838222545645e-01
1.894281709585039e-01
1.525838222545645e-01
1.504638217530540e-01
1.260567945515028e-01
1.423787984086201e-01
1.349955983992813e-01
1.413625335062162e-01
1.268052653737353e-01
1.433608679736707e-01
1.514814267537350e-01
1.325375125359528e-01
1.325375125359528e-01
1.079185021163964e-01
1.483852772301494e-01
1.079185021163964e-01
1.342227116755914e-01
1.187119043084592e-01
1.187119043084592e-01
1.389041416270518e-01
1.116165363059743e-01
1.241614418615038e-01
1.453697745077083e-01
1.399027732713831e-01
1.272227409084496e-01
1.254670251863864e-01
1.468358838285526e-01
1.468358838285526e-01
1.347730239072230e-01
9.915992186284528e-02
1.327389450409903e-01
1.030248585007860e-01
1.628540312034120e-01
1.373495821621015e-01
1.025068145932157e-01
1.628540312034120e-01
1.428076504376845e-01
1.025068145932157e-01
1.619451712434974e-01
1.025068145932157e-01
1.308095305210977e-01
1.489142765585482e-01
1.282892941951278e-01
1.530482333102022e-01
1.106163954649897e-01
1.293351303964782e-01
1.293351303964782e-01
1.373551556787678e-01
1.373551556787678e-01
1.469348728527779e-01
1.499653377578156e-01
1.499653377578156e-01
1.427380852572108e-01
1.499653377578156e-01
1.499653377578156e-01
1.499653377578156e-01
1.248714083963944e-01
1.566636045720046e-01
1.245590901341967e-01
1.566636045720046e-01
1.294655571021383e-01
1.402366045258721e-01
1.402366045258721e-01
1.402366045258721e-01
1.271062498479501e-01
1.216464232545727e-01
1.406575546051343e-01
1.117066002983844e-01
1.236954469178156e-01
1.191984182552340e-01
1.285653792177570e-01
1.285653792177570e-01
1.412643125277015e-01
1.412643125277015e-01
1.461957689642149e-01
1.461957689642149e-01
1.353214432607289e-01
1.121970947253620e-01
1.451587481855087e-01
1.451587481855087e-01
1.525017392512754e-01
1.451587481855087e-01
1.314189422001378e-01
1.370359602133719e-01
1.314189422001378e-01
1.655680837278531e-01
1.579846132749590e-01
1.265135566573806e-01
1.688385214650707e-01
1.153960998255036e-01
1.493060348213144e-01
1.493060348213144e-01
1.649909688409091e-01
1.282440198172324e-01
1.780122819306432e-01
1.338572941504039e-01
1.780122819306432e-01
1.338572941504039e-01
1.180221760290348e-01
1.180221760290348e-01
1.474633053812027e-01
1.607535919610620e-01
1.498578712234412e-01
1.411011769303975e-01
1.568575107944495e-01
1.666032302537325e-01
1.568575107944495e-01
1.256076813019291e-01
1.256076813019291e-01
1.534609953395309e-01
1.375383484001803e-01
1.375383484001803e-01
1.823011722569204e-01
1.526178185970066e-01
1.325891420279394e-01
1.325891420279394e-01
1.228000482903084e-01
1.473438411258443e-01
1.473438411258443e-01
1.406455369670316e-01
1.332700182347777e-01
1.443377210671742e-01
1.311163814073546e-01
1.257990361757556e-01
1.257990361757556e-01
1.137080709452091e-01
1.396840024870169e-01
1.329248466101145e-01
1.329248466101145e-01
1.775648387574338e-01
1.529797794925870e-01
1.487906077086591e-01
1.487906077086591e-01
1.284067161624000e-01
1.503345798402176e-01
1.234818607217661e-01
1.503345798402176e-01
1.166869343082239e-01
1.166869343082239e-01
1.268433557631297e-01
1.166869343082239e-01
1.342518326214928e-01
1.166869343082239e-01
1.166869343082239e-01
1.229816406784827e-01
1.229816406784827e-01
1.583519394388277e-01
1.584100904212655e-01
1.229816406784827e-01
1.229816406784827e-01
1.789216904605182e-01
1.267592048242875e-01
1.597377790738743e-01
1.463905068866381e-01
1.304710706436845e-01
1.246711138730520e-01
1.025203366791758e-01
1.492448199442582e-01
1.127042715799562e-01
1.488891130062082e-01
8.925759784781631e-02
9.800432778493767e-02
1.874444536517818e-01
1.139862218672708e-01
1.213808574309946e-01
2.010663677288944e-01
1.219805083703545e-01
1.156181339470137e-01
1.219805083703545e-01
1.219805083703545e-01
1.305809518987264e-01
1.105908764668468e-01
1.176862899072735e-01
1.176862899072735e-01
1.099459907978212e-01
1.163912389695601e-01
1.063409876063452e-01
1.063409876063452e-01
1.163912389695601e-01
1.442960996805731e-01
1.442960996805731e-01
1.258890932651553e-01
1.198494446169225e-01
1.432030732362184e-01
1.399902509545825e-01
1.301516019385593e-01
1.301516019385593e-01
1.424637702219508e-01
1.335188310080186e-01
1.767736197138169e-01
1.767736197138169e-01
1.333385679192222e-01
1.651258206486288e-01
1.697270002878594e-01
1.364765503783201e-01
1.642159133262211e-01
1.642159133262211e-01
1.509693642282021e-01
1.509693642282021e-01
1.651677899772518e-01
1.533843526728644e-01
1.651677899772518e-01
1.651677899772518e-01
1.472297348332365e-01
1.619677419739026e-01
1.619677419739026e-01
1.442595728816141e-01
1.442595728816141e-01
1.552787697674786e-01
1.315046453106944e-01
1.315046453106944e-01
1.670256810878256e-01
1.540017591818726e-01
1.540017591818726e-01
1.505502381411788e-01
1.540017591818726e-01
1.252232760476992e-01
1.309223103602593e-01
1.307065701692157e-01
1.409899032983423e-01
1.081352844355257e-01
1.141848485554714e-01
1.367859818757380e-01
1.381219858664076e-01
1.381219858664076e-01
1.508707541551733e-01
1.508707541551733e-01
1.486320951562848e-01
1.663903922138761e-01
9.127122799482948e-02
1.663903922138761e-01
1.314735317682269e-01
1.693631522090207e-01
1.489910499433794e-01
9.606168843791950e-02
1.225637865990673e-01
1.693631522090207e-01
1.251137203050699e-01
1.791498050433593e-01
1.251137203050699e-01
1.041071772626348e-01
9.304196657955902e-02
9.304196657955902e-02
1.095105966119221e-01
1.436654510875979e-01
1.603012263292169e-01
9.843448402198937e-02
1.603012263292169e-01
1.625762309573056e-01
1.625762309573056e-01
1.390420531856249e-01
1.000894031493559e-01
1.580183955901077e-01
1.580183955901077e-01
1.541022791845134e-01
1.367952579328507e-01
1.365074462050178e-01
