5.029835305050467e-02
5.029835305050467e-02
5.029835305050467e-02
5.706229335085353e-02
5.706229335085353e-02
5.898958777367262e-02
5.898958777367262e-02
4.951723647674165e-02
3.105807023009828e-02
3.214597359157040e-02
4.201781624021076e-02
4.090357688632732e-02
3.584842386548213e-02
5.763835399401852e-02
3.298023209263783e-02
5.763835399401852e-02
3.386010976006345e-02
2.714873297315490e-02
2.714873297315490e-02
3.386010976006345e-02
3.003154040239003e-02
4.548399078467244e-02
2.913347797705532e-02
2.913347797705532e-02
4.143804726457456e-02
4.508086464461165e-02
5.417667004487436e-02
5.536956426498187e-02
4.242814294658986e-02
5.235651684405548e-02
4.492383877291413e-02
4.812933578508514e-02
4.330609234187759e-02
5.196602922593176e-02
3.186970295168828e-02
5.196602922593176e-02
5.196602922593176e-02
5.372119986429744e-02
4.810421525558412e-02
1.942762317380035e-02
2.753749558260471e-02
5.372119986429744e-02
3.211331600639349e-02
4.823508251401164e-02
2.823105385536744e-02
3.211331600639349e-02
3.211331600639349e-02
4.749122500829970e-02
3.687482750271527e-02
3.611110165026322e-02
4.320835744428552e-02
2.484640282270062e-02
5.562440833907314e-02
2.710075956956653e-02
5.420401150048760e-02
2.710075956956653e-02
5.383680369143969e-02
2.447525145792850e-02
2.447525145792850e-02
2.637987750278349e-02
4.011397793316297e-02
4.011397793316297e-02
6.683301655551699e-02
4.011397793316297e-02
3.612884948238194e-02
3.612884948238194e-02
2.406190128634465e-02
3.667364378044109e-02
4.559986793403058e-02
3.425420914094428e-02
3.460079224707126e-02
3.909976809966938e-02
4.263876361072177e-02
3.210978390110787e-02
4.263876361072177e-02
4.683666299909282e-02
3.493836386974732e-02
4.683666299909282e-02
4.683666299909282e-02
4.942755389684266e-02
4.279104068859996e-02
4.885281577179965e-02
4.133791372436214e-02
4.133791372436214e-02
3.874822565556614e-02
4.148862529304440e-02
4.993963725691102e-02
3.127220917648770e-02
3.127220917648770e-02
5.417186919360855e-02
4.498907703563871e-02
3.127220917648770e-02
6.022908193881613e-02
4.302600902222886e-02
5.137600779480198e-02
6.022908193881613e-02
4.510335796123562e-02
6.731872027908391e-02
4.650890051488442e-02
6.880692276312771e-02
5.044227550888532e-02
5.044227550888532e-02
5.638987164067206e-02
5.157123551159740e-02
5.152530943540425e-02
5.060098646609592e-02
5.060098646609592e-02
3.688803942457766e-02
5.152530943540425e-02
3.460486743341683e-02
5.450895330858305e-02
5.450895330858305e-02
4.608828330078225e-02
4.417015015133781e-02
3.769312866788833e-02
6.222752731105442e-02
3.435833135804206e-02
3.435833135804206e-02
3.435833135804206e-02
6.831449857916079e-02
4.531957895599163e-02
4.531957895599163e-02
4.531957895599163e-02
5.132534273598006e-02
5.132534273598006e-02
5.132534273598006e-02
3.997265473367623e-02
3.997265473367623e-02
4.425456064627364e-02
3.405089555432191e-02
3.546489195828002e-02
3.546489195828002e-02
4.664543672436038e-02
5.102948467643738e-02
5.102948467643738e-02
3.724856576412362e-02
3.194389700193453e-02
4.463799872134976e-02
3.111923214643440e-02
4.695912934822734e-02
3.249980968363982e-02
4.281885371936725e-02
3.396029441374174e-02
3.396029441374174e-02
2.523059401011818e-02
2.523059401011818e-02
3.947073257015852e-02
3.833804409085772e-02
3.947073257015852e-02
3.947073257015852e-02
3.351596655561805e-02
3.947073257015852e-02
3.748406997959456e-02
5.117779493323334e-02
3.828767711336127e-02
3.828767711336127e-02
3.896899606016033e-02
6.743779714190935e-02
5.742591604123336e-02
6.049052998333786e-02
5.846150620704714e-02
4.411823428789923e-02
4.423729014173950e-02
4.308882348441190e-02
2.217157756613471e-02
3.620181432304315e-02
2.217157756613471e-02
2.217157756613471e-02
5.152188961320381e-02
3.490154145757891e-02
3.352532916794030e-02
3.352532916794030e-02
3.352532916794030e-02
2.934799192689158e-02
4.955909586568247e-02
2.934799192689158e-02
2.436160240494272e-02
5.451017912663809e-02
4.674868641488874e-02
2.885646393692315e-02
2.220915772743839e-02
2.220915772743839e-02
4.069268082158454e-02
5.744860336548115e-02
4.069268082158454e-02
3.646734543102330e-02
4.405194398557622e-02
4.405194398557622e-02
4.405194398557622e-02
3.960348563450525e-02
3.395024998637416e-02
2.856740316447740e-02
2.856740316447740e-02
3.352811805305096e-02
3.352811805305096e-02
4.137040551292341e-02
4.911072991415781e-02
4.911072991415781e-02
6.754844762553262e-02
3.123059240756947e-02
6.754844762553262e-02
3.676824102960331e-02
3.123059240756947e-02
4.872194664182109e-02
3.123059240756947e-02
4.242020219180956e-02
4.457487045472212e-02
4.457487045472212e-02
3.945084713153094e-02
3.876637190616681e-02
4.779186814251167e-02
4.779186814251167e-02
4.779186814251167e-02
4.324478672057242e-02
4.462131556923821e-02
4.474134115720461e-02
4.462131556923821e-02
4.947375858439087e-02
4.462131556923821e-02
4.006282334777294e-02
4.006282334777294e-02
3.174359064853282e-02
4.356781432382206e-02
2.566237518410323e-02
3.302187816902021e-02
5.319451267010670e-02
4.375533278609312e-02
3.302187816902021e-02
4.365242867061937e-02
4.671980780343516e-02
4.671980780343516e-02
4.618639164247831e-02
3.679915523998603e-02
3.679915523998603e-02
4.979258373404957e-02
4.979258373404957e-02
3.560776738085487e-02
3.979864301495894e-02
3.166344956272369e-02
4.871986932429263e-02
4.393637774102896e-02
4.186399218427225e-02
5.155198697411589e-02
4.393637774102896e-02
5.155198697411589e-02
5.155198697411589e-02
3.992829396491736e-02
5.841554040829554e-02
4.636669650857402e-02
4.636669650857402e-02
5.818854730077682e-02
2.565255339989614e-02
2.027642526982299e-02
4.173722173632662e-02
4.632657480390658e-02
4.716283816448069e-02
4.716283816448069e-02
3.612272889264862e-02
3.967780581100178e-02
3.612272889264862e-02
4.276093270076135e-02
5.985538234052933e-02
4.341595622424910e-02
4.187256437047519e-02
5.681302156932363e-02
6.025025942849983e-02
6.025025942849983e-02
4.431005897629975e-02
3.907632587864079e-02
3.319305176646061e-02
2.598721494962862e-02
2.598721494962862e-02
3.916090295500440e-02
3.523904099016170e-02
3.499749654797911e-02
4.052894542514062e-02
5.064803272058144e-02
3.499749654797911e-02
3.499749654797911e-02
5.770733757831797e-02
2.203635604061734e-02
2.203635604061734e-02
3.392514775109604e-02
2.511468724587616e-02
4.574556040188762e-02
6.143972727694586e-02
4.428976220296194e-02
3.437063579073835e-02
4.218758072839123e-02
4.218758072839123e-02
5.444420420675176e-02
4.626455946919380e-02
4.311792412498786e-02
4.311792412498786e-02
4.626455946919380e-02
7.597775684428267e-02
3.482593228118656e-02
3.482593228118656e-02
4.705825602099722e-02
4.119532646667532e-02
4.705825602099722e-02
2.681645448961799e-02
4.460155051580194e-02
2.681645448961799e-02
4.012377754639880e-02
3.488565481515318e-02
3.796626830356792e-02
2.755115576499538e-02
2.755115576499538e-02
2.755115576499538e-02
5.405602534777661e-02
2.195960244480262e-02
2.653043281171894e-02
3.091351681657836e-02
4.838935284823879e-02
3.895464627363195e-02
3.909316794629950e-02
5.202669198468156e-02
3.976803489867659e-02
3.976803489867659e-02
5.534663530966051e-02
5.181697831612895e-02
6.207572343458234e-02
3.470709195259820e-02
5.093583523853388e-02
2.614413711131544e-02
2.614413711131544e-02
2.614413711131544e-02
3.649103670127120e-02
3.290619264887045e-02
5.996824967397094e-02
3.816387872568656e-02
5.558800725749796e-02
2.843424019662265e-02
4.176664500766877e-02
2.788799628774844e-02
3.310785223221681e-02
3.310785223221681e-02
4.645276638739819e-02
4.645276638739819e-02
3.661891869030302e-02
3.418732565432749e-02
3.685152712912293e-02
3.685152712912293e-02
5.227391832682272e-02
6.289044154809316e-02
3.306240218374330e-02
6.585535250585839e-02
3.399867888311695e-02
5.404058331094602e-02
5.404058331094602e-02
4.861993479852303e-02
5.457768031222305e-02
5.465696756658086e-02
5.465696756658086e-02
5.465696756658086e-02
4.400675224647945e-02
5.088734404923617e-02
3.983309666162756e-02
4.159692281752522e-02
4.159692281752522e-02
4.395554883171666e-02
3.868936356169589e-02
4.395554883171666e-02
3.868936356169589e-02
4.395554883171666e-02
4.262194186510578e-02
3.781632633006888e-02
4.681959960303287e-02
4.199373056564701e-02
4.199373056564701e-02
4.199373056564701e-02
3.299121508259296e-02
4.349346642430794e-02
3.299121508259296e-02
4.349346642430794e-02
4.287063366387490e-02
3.928647996848432e-02
3.928647996848432e-02
2.681604123836895e-02
3.947101854817546e-02
3.165133096886300e-02
4.242577389935398e-02
1.192355717095829e-02
4.389173334416183e-02
3.547022847187593e-02
3.559271016993018e-02
2.704086048724027e-02
2.704086048724027e-02
3.425167010257061e-02
4.570073649731199e-02
3.425167010257061e-02
4.735744508798669e-02
4.735744508798669e-02
4.583860863927815e-02
3.109124617193956e-02
7.588091204815266e-02
6.235387560851952e-02
2.284636053259708e-02
6.235387560851952e-02
6.235387560851952e-02
3.418195716255880e-02
3.292944102592821e-02
3.230009384369247e-02
3.230009384369247e-02
4.213251656484034e-02
2.681509279143151e-02
4.657551906830747e-02
4.657551906830747e-02
3.909651835600371e-02
2.792390935470465e-02
2.792390935470465e-02
2.792390935470465e-02
2.792390935470465e-02
3.236014669751306e-02
3.185985585772640e-02
5.885855514893026e-02
5.153708775884722e-02
3.274143237422681e-02
5.153708775884722e-02
4.283878455205391e-02
3.435107336933758e-02
3.435107336933758e-02
3.435107336933758e-02
4.193508707588863e-02
3.440751075100974e-02
3.440751075100974e-02
3.486723945415299e-02
4.193508707588863e-02
4.193508707588863e-02
2.882178830046360e-02
4.193508707588863e-02
2.314219463623434e-02
2.843233871683368e-02
2.815403923149527e-02
3.160069383437204e-02
3.160069383437204e-02
3.412353252169154e-02
4.524415369972271e-02
3.412353252169154e-02
2.495108783294384e-02
4.524415369972271e-02
3.341110737388264e-02
3.988216922706015e-02
4.170017504708023e-02
5.539520741847611e-02
4.313241528584202e-02
5.002945597761801e-02
5.614016667345584e-02
5.557792052931319e-02
5.025639837737873e-02
5.025639837737873e-02
5.001495322355695e-02
5.181587258486574e-02
5.856642705916667e-02
4.296285191748660e-02
4.296285191748660e-02
5.168330266874092e-02
5.058622781460699e-02
3.155688610134443e-02
4.395153972695057e-02
4.395153972695057e-02
4.395153972695057e-02
2.832102030675792e-02
5.256279848398061e-02
3.152909237749574e-02
4.982221022488046e-02
4.415972348697224e-02
5.268976013038885e-02
5.268976013038885e-02
5.268976013038885e-02
5.268976013038885e-02
5.268976013038885e-02
3.470365892756189e-02
3.470365892756189e-02
4.965975968062934e-02
4.965975968062934e-02
4.742813387979344e-02
4.742813387979344e-02
3.039520540376659e-02
3.029320985989513e-02
3.039520540376659e-02
3.658442342881082e-02
3.176609920332617e-02
3.176609920332617e-02
3.176609920332617e-02
4.103698514007102e-02
4.103698514007102e-02
2.834677576798591e-02
3.026321133598743e-02
3.026321133598743e-02
5.569631575852853e-02
2.765524771048899e-02
5.569631575852853e-02
5.484826241412390e-02
5.484826241412390e-02
3.350440192868719e-02
4.113054481363661e-02
3.934241977686047e-02
4.813793319734199e-02
4.298280196204946e-02
2.212485351859343e-02
3.464308686493213e-02
3.917526984967260e-02
4.539042152836752e-02
3.529227109846683e-02
1.989133910750487e-02
4.319573125042002e-02
3.999343801618405e-02
5.560236280247253e-02
4.224963570721410e-02
4.051763071089050e-02
4.224963570721410e-02
4.224963570721410e-02
3.763108409288373e-02
4.602705470140823e-02
4.817223348381838e-02
5.418347282300059e-02
5.763498496920872e-02
4.764851193362379e-02
5.369447991539468e-02
5.369447991539468e-02
3.848027177273931e-02
5.369447991539468e-02
2.991710293152901e-02
2.991710293152901e-02
5.276893503877205e-02
5.276893503877205e-02
2.991710293152901e-02
3.162759219532093e-02
3.372345476797391e-02
3.436805263646698e-02
3.242718110160576e-02
4.511055354955800e-02
4.511055354955800e-02
4.511055354955800e-02
3.423447492606450e-02
3.423447492606450e-02
5.879025457600318e-02
2.759949690597352e-02
3.140337917470214e-02
3.140337917470214e-02
3.696605142832447e-02
3.696605142832447e-02
4.246264205136153e-02
3.940828168759356e-02
3.940828168759356e-02
2.374735443190107e-02
3.696605142832447e-02
2.541767958541846e-02
2.541767958541846e-02
3.696605142832447e-02
3.696605142832447e-02
3.454018339507413e-02
4.118962278024794e-02
4.150834011310271e-02
4.303475353069676e-02
3.712156941270199e-02
5.526415487975671e-02
4.303475353069676e-02
4.322516307822269e-02
3.569783342035472e-02
4.130696933795997e-02
4.130696933795997e-02
5.159351193063862e-02
2.726603817672150e-02
3.064837875414932e-02
5.159351193063862e-02
6.193291151773097e-02
3.840695598538769e-02
2.945850362897646e-02
3.240615127977711e-02
2.555923222955715e-02
3.701312425835147e-02
3.701312425835147e-02
2.382388626522859e-02
3.701312425835147e-02
5.061791446095339e-02
3.701312425835147e-02
3.701312425835147e-02
3.426050842922882e-02
3.426050842922882e-02
2.844057853541057e-02
2.585223509085574e-02
2.570521468447087e-02
4.385584485680244e-02
4.385584485680244e-02
4.216722061028232e-02
4.385584485680244e-02
3.049013206580182e-02
3.978625484772204e-02
3.978625484772204e-02
2.895451925638032e-02
3.978625484772204e-02
4.112996486226610e-02
2.895451925638032e-02
2.750521958064199e-02
4.112996486226610e-02
4.815786957237517e-02
4.257179424135728e-02
4.815786957237517e-02
3.438432296654185e-02
4.313959180850935e-02
3.708011412570659e-02
4.825096830685995e-02
4.314945954093478e-02
4.314945954093478e-02
4.419942816899342e-02
2.872825028013269e-02
2.872825028013269e-02
3.659626975705259e-02
2.872825028013269e-02
2.282367361238416e-02
3.382710302218198e-02
4.413590052951235e-02
3.390488536944525e-02
2.856915654543095e-02
2.856915654543095e-02
4.554054933775079e-02
4.554054933775079e-02
4.554054933775079e-02
2.266545644757178e-02
3.216455288505401e-02
3.151419369678399e-02
4.315038423182408e-02
2.786598929374176e-02
2.786598929374176e-02
2.786598929374176e-02
2.786598929374176e-02
3.504404106133900e-02
4.404845991150926e-02
3.927380134298825e-02
3.613298282174597e-02
3.426172448081514e-02
5.429228853810820e-02
3.539785440951868e-02
3.632924096497505e-02
4.816378701769160e-02
4.948558542650885e-02
4.816378701769160e-02
4.816378701769160e-02
4.662072587697778e-02
5.211838399866772e-02
3.024856387565146e-02
3.187854463973593e-02
3.994786361647943e-02
4.988830736649970e-02
4.988830736649970e-02
3.561033508927385e-02
4.666034628292826e-02
3.035867147209251e-02
2.961226569303341e-02
3.035867147209251e-02
3.526208811051935e-02
7.021427049382839e-02
5.246742004921891e-02
6.807293474292427e-02
5.675526978619389e-02
3.553761166687986e-02
5.112903898593169e-02
4.621710351882360e-02
5.629304727970331e-02
3.995890326786086e-02
3.995890326786086e-02
3.995890326786086e-02
5.668596439428353e-02
5.668596439428353e-02
3.995890326786086e-02
3.910507206376558e-02
3.910507206376558e-02
3.910507206376558e-02
3.910507206376558e-02
3.374251656804227e-02
4.776966553189801e-02
4.776966553189801e-02
3.374251656804227e-02
4.401209879158752e-02
5.091353995056390e-02
3.374251656804227e-02
5.091353995056390e-02
3.710499623696885e-02
5.091353995056390e-02
5.272347597786502e-02
3.477782345030653e-02
5.272347597786502e-02
3.692735031338966e-02
5.272347597786502e-02
3.692735031338966e-02
2.933761008419302e-02
5.046580922193111e-02
3.397374439881413e-02
3.409656350290154e-02
7.348419953949048e-02
4.609196955037941e-02
4.009162316662130e-02
7.576935832629848e-02
2.739055422773772e-02
4.454246651188301e-02
5.390298651794908e-02
5.390298651794908e-02
5.393385590620686e-02
6.219983619476872e-02
3.914485541609009e-02
3.914485541609009e-02
4.624520257182990e-02
4.624520257182990e-02
4.624520257182990e-02
4.606286979592992e-02
3.049911415959436e-02
3.594476107116651e-02
3.594476107116651e-02
4.600087719901851e-02
4.839490170008845e-02
3.701423749845543e-02
5.790939446328321e-02
2.532835906835195e-02
4.276004281715972e-02
6.893402504591058e-02
6.479637801140507e-02
6.803642549727658e-02
6.803642549727658e-02
5.258322781130849e-02
5.770476402314171e-02
4.346981448522274e-02
4.534792519168757e-02
5.556551805470986e-02
5.230580926092127e-02
6.311352400459311e-02
6.329364452866242e-02
4.800624978889328e-02
4.800624978889328e-02
4.800624978889328e-02
4.910245249929420e-02
4.690438154083812e-02
4.690438154083812e-02
4.074008471341365e-02
4.115252696202224e-02
4.115252696202224e-02
4.848068464227954e-02
4.059012105110004e-02
3.109073543787132e-02
2.069941493338712e-02
3.109073543787132e-02
2.069941493338712e-02
5.081639478613336e-02
3.315639063250445e-02
1.656687954067777e-02
3.315639063250445e-02
1.656687954067777e-02
5.630809974717112e-02
3.840818126189659e-02
4.788830182215145e-02
5.565850857631618e-02
2.286485571458837e-02
5.253031813803370e-02
4.592077909050420e-02
4.592077909050420e-02
5.677524485225519e-02
5.485349454687472e-02
3.044951813189989e-02
3.735401935243925e-02
3.047238545850506e-02
3.047238545850506e-02
5.601171921446225e-02
3.161981226203518e-02
4.542873054746743e-02
4.882951773064199e-02
4.542873054746743e-02
3.611922554132242e-02
3.611922554132242e-02
3.611922554132242e-02
5.086857392607661e-02
4.076269719062522e-02
3.480956014479001e-02
3.475672869612410e-02
3.754859506672156e-02
3.754859506672156e-02
3.754859506672156e-02
6.698968031102719e-02
4.056672116608655e-02
5.018511905980359e-02
2.588007786883584e-02
2.588007786883584e-02
5.203652820688915e-02
3.368387474536795e-02
3.368387474536795e-02
3.368387474536795e-02
3.368387474536795e-02
4.830455076976979e-02
4.353556352042521e-02
4.353556352042521e-02
5.480324384603973e-02
5.220211883324173e-02
3.854727014993883e-02
4.313402409498938e-02
4.570336119857007e-02
4.300426474819376e-02
4.300426474819376e-02
3.747940916545858e-02
4.300426474819376e-02
4.300426474819376e-02
3.129378422340595e-02
2.889485163272347e-02
3.106544368231105e-02
5.164923316210046e-02
5.664622227893514e-02
6.021459572922062e-02
6.021459572922062e-02
6.021459572922062e-02
3.922609867923470e-02
3.922609867923470e-02
3.799886864015460e-02
3.799886864015460e-02
3.790328555642198e-02
4.382452789609662e-02
3.241504396641898e-02
3.346519180402924e-02
4.269598521960476e-02
4.269598521960476e-02
4.493060558288203e-02
4.493060558288203e-02
5.331305998911087e-02
3.372016589036501e-02
3.372016589036501e-02
2.169187174356382e-02
2.815725842610682e-02
4.313853007820840e-02
2.626241564986177e-02
2.815725842610682e-02
2.815725842610682e-02
2.653716186497162e-02
4.854927865695119e-02
4.854927865695119e-02
3.558694096364283e-02
5.061950146559245e-02
3.078487717621501e-02
3.286912339611138e-02
4.876933118290443e-02
6.174629795595751e-02
3.862143223405540e-02
4.500527158324004e-02
4.578841343633606e-02
3.309502295471453e-02
2.732294020157158e-02
2.732294020157158e-02
2.742395334893473e-02
2.921215563656030e-02
2.921215563656030e-02
5.497985162860312e-02
3.044322097152061e-02
3.044322097152061e-02
3.044322097152061e-02
2.066293100217128e-02
4.378618111616987e-02
4.378618111616987e-02
4.378618111616987e-02
4.534115604573907e-02
5.397156511511530e-02
5.397156511511530e-02
3.944680946171691e-02
3.992944329171371e-02
3.992944329171371e-02
3.992537012220157e-02
3.251417235953285e-02
3.251417235953285e-02
3.251417235953285e-02
3.251417235953285e-02
2.472849310849510e-02
2.577562888324652e-02
2.794328772199464e-02
2.655100500147575e-02
4.600787059692743e-02
3.507802457289094e-02
3.507802457289094e-02
3.422241909541323e-02
2.838211179813771e-02
3.507802457289094e-02
4.117782046568688e-02
4.749255786637323e-02
4.137182437517790e-02
3.285814578175439e-02
4.137182437517790e-02
5.437017268850224e-02
4.737796160728537e-02
4.876311287111884e-02
4.904511778774038e-02
3.669098726429201e-02
6.666110150352988e-02
5.802982084381115e-02
5.802982084381115e-02
5.902460502894898e-02
5.902460502894898e-02
5.902460502894898e-02
4.018810884347709e-02
5.502410551622120e-02
2.433170218566336e-02
3.252917816627337e-02
3.252917816627337e-02
5.381848968170033e-02
2.755355611051737e-02
5.732443466269085e-02
5.732443466269085e-02
5.732443466269085e-02
3.251841563666689e-02
6.447919307037532e-02
4.776633742909964e-02
1.711440495990144e-02
2.010687441121484e-02
3.218093038866961e-02
4.309057007584684e-02
6.056826932876258e-02
4.080888498208085e-02
5.767769647166894e-02
5.725770773157732e-02
4.912788505465268e-02
4.568709211231815e-02
6.162487417561396e-02
5.335012277548066e-02
2.220475708180046e-02
5.782571074008327e-02
4.437842059362278e-02
3.222020398617281e-02
7.109609256633449e-02
6.767095355788423e-02
4.620659889027118e-02
5.885567127135150e-02
7.109609256633449e-02
6.038709683609449e-02
3.343554384420389e-02
3.782133995537231e-02
3.083316472331361e-02
3.846259103112638e-02
3.323936990472093e-02
3.380705641418151e-02
3.109290921238557e-02
3.109290921238557e-02
3.109290921238557e-02
3.109290921238557e-02
2.859436103828971e-02
3.109290921238557e-02
3.811898555504118e-02
3.811898555504118e-02
5.206775457073047e-02
3.637437261374284e-02
3.786914881548582e-02
4.307595699369553e-02
4.307595699369553e-02
4.670702306435052e-02
5.256256224205585e-02
5.237449079538965e-02
4.328494915814598e-02
5.079328043370186e-02
5.661512856357892e-02
3.200877484351573e-02
3.962240621741495e-02
3.962240621741495e-02
6.224527981984011e-02
3.415318273948758e-02
4.805866506261584e-02
3.761326378083114e-02
3.182004071610597e-02
2.139286141833937e-02
2.139286141833937e-02
4.444886850778833e-02
4.789741065806520e-02
3.591185652833129e-02
3.879337806847328e-02
3.872865674050451e-02
5.129836895147494e-02
3.879337806847328e-02
3.879337806847328e-02
5.480686996397777e-02
5.480686996397777e-02
3.879337806847328e-02
3.673824932259792e-02
3.673824932259792e-02
4.969760552149443e-02
4.969760552149443e-02
5.408752869851922e-02
5.036991569587526e-02
3.451825876335078e-02
5.036991569587526e-02
6.097571855348536e-02
3.622831409324939e-02
4.209033212112495e-02
4.513367029187076e-02
3.842114808525507e-02
5.763041647720991e-02
4.363855912771763e-02
5.809072857263910e-02
4.766432270697204e-02
3.641248851988284e-02
5.809072857263910e-02
5.809072857263910e-02
7.583697211464589e-02
7.583697211464589e-02
3.570830597466065e-02
3.468276057861865e-02
2.357168485645597e-02
2.357168485645597e-02
2.514053531132050e-02
5.103795300249509e-02
5.439566015182143e-02
4.327917629897174e-02
2.424017477284071e-02
3.067764003697347e-02
3.478366144125077e-02
2.964748716508251e-02
4.072280142477461e-02
5.700233887881408e-02
4.847324100341061e-02
2.568663772225539e-02
2.568663772225539e-02
2.529369258279873e-02
4.241693955362685e-02
4.729697105350453e-02
4.729697105350453e-02
4.729697105350453e-02
2.579454049923710e-02
4.899750690754456e-02
4.101194999933860e-02
3.956819416642150e-02
3.956819416642150e-02
5.357078601660498e-02
4.111521836321273e-02
4.648113511000746e-02
4.648113511000746e-02
4.648113511000746e-02
4.648113511000746e-02
5.350730989408119e-02
4.228936847583815e-02
3.879469825296843e-02
3.927611528639493e-02
3.138282378015536e-02
3.927611528639493e-02
3.927611528639493e-02
3.138282378015536e-02
3.507748217889739e-02
3.779039122448963e-02
4.071280508872849e-02
2.038532766771125e-02
5.436237052988217e-02
2.680703788777673e-02
3.221507566626643e-02
1.928552856534999e-02
4.374180755734114e-02
2.313310342712605e-02
2.563030245070482e-02
4.844078832523837e-02
4.395492410667988e-02
4.762470701543858e-02
4.762470701543858e-02
3.205971575602726e-02
4.940542859148527e-02
3.205971575602726e-02
3.205971575602726e-02
3.205971575602726e-02
2.763539280687915e-02
4.938313375446800e-02
4.938313375446800e-02
4.938313375446800e-02
4.118770619805289e-02
3.244594713623714e-02
3.661129345890506e-02
3.661129345890506e-02
4.171809877420608e-02
3.986645178203223e-02
5.079456737585229e-02
5.079456737585229e-02
5.079456737585229e-02
5.079456737585229e-02
2.798692529424686e-02
2.798692529424686e-02
5.683890366478615e-02
3.060333434570205e-02
3.060333434570205e-02
5.799447494624090e-02
5.585631640151587e-02
3.493347320451044e-02
3.844311697388383e-02
3.996039560098312e-02
3.996039560098312e-02
3.996039560098312e-02
3.996039560098312e-02
5.540778691823394e-02
3.996039560098312e-02
2.713996405951235e-02
2.969787118474220e-02
2.713996405951235e-02
4.833054315029051e-02
4.217032936577522e-02
4.833054315029051e-02
5.425713708049660e-02
4.833054315029051e-02
4.905369539184059e-02
4.905369539184059e-02
3.932901605944412e-02
3.643217531714905e-02
2.977174732518309e-02
3.478803017049699e-02
3.866020819432026e-02
3.866020819432026e-02
4.761583672350641e-02
3.398058289035913e-02
2.464378608735691e-02
2.682158808406583e-02
3.852168970545861e-02
4.226651162048422e-02
3.919682609988252e-02
4.226651162048422e-02
4.226651162048422e-02
3.414675071035226e-02
3.155752294543883e-02
4.282265834815738e-02
4.996056555533213e-02
4.462880119003945e-02
5.831186310809092e-02
3.331319519795518e-02
3.896052836424471e-02
5.831186310809092e-02
2.575328426374469e-02
2.575328426374469e-02
2.575328426374469e-02
5.158118808243781e-02
2.103887103999216e-02
2.103887103999216e-02
4.679030774606027e-02
6.270074737223383e-02
6.270074737223383e-02
3.183058414271175e-02
3.275349288768053e-02
3.275349288768053e-02
5.273295147715817e-02
5.273295147715817e-02
6.270074737223383e-02
6.270074737223383e-02
5.008955265605088e-02
4.241101920273253e-02
4.241101920273253e-02
4.898826362168381e-02
3.482730774888647e-02
4.079652635301916e-02
4.079652635301916e-02
4.079652635301916e-02
3.057423809634826e-02
3.447274734310727e-02
4.442894890948157e-02
4.442894890948157e-02
3.675880618210763e-02
3.943863328907764e-02
4.338426210273084e-02
5.567184864657995e-02
3.008581397114005e-02
3.861209053321664e-02
3.861209053321664e-02
3.861209053321664e-02
4.785697975630891e-02
4.785697975630891e-02
5.429592505643908e-02
3.979777680564575e-02
5.429592505643908e-02
3.979777680564575e-02
5.421284000760796e-02
5.421284000760796e-02
5.421284000760796e-02
4.532731570786277e-02
2.676028078922939e-02
4.482595145277628e-02
4.478612967980703e-02
3.197477592054365e-02
2.643747829271943e-02
4.708259233136693e-02
2.643747829271943e-02
4.708259233136693e-02
3.032619835465201e-02
4.019586341579093e-02
3.368484087202170e-02
3.857184286301862e-02
4.357934273812068e-02
2.482723081967183e-02
4.334875990295045e-02
5.434099024433753e-02
3.563130719976911e-02
4.666202793376868e-02
3.072732254818860e-02
3.771028312121312e-02
2.993449484862690e-02
3.441964293997704e-02
3.375496754277851e-02
4.141755318902576e-02
3.787828558016454e-02
3.454337039536932e-02
3.864302786098732e-02
3.812737075640045e-02
3.617308714431828e-02
3.617308714431828e-02
5.018030759541887e-02
3.617308714431828e-02
4.715600269754686e-02
4.162794930792903e-02
5.527772783856836e-02
4.613087237918920e-02
5.164667226082036e-02
3.963409365922951e-02
5.774069115235196e-02
4.999282930718103e-02
5.148850517174764e-02
4.883670082457061e-02
5.844819011524747e-02
3.848821045790351e-02
5.215103433995541e-02
2.812805589904254e-02
3.851257283368879e-02
5.853095623613364e-02
3.919919916607651e-02
6.741515168901592e-02
5.088472368214816e-02
3.187722339471994e-02
4.871598386259787e-02
4.871598386259787e-02
5.087030580124357e-02
4.254664446626162e-02
4.478871060180634e-02
4.254664446626162e-02
4.254664446626162e-02
3.191982204436653e-02
4.160955684033991e-02
3.750600102007139e-02
3.441060530906737e-02
2.971356919509816e-02
3.935463621237555e-02
4.564036659094993e-02
4.564036659094993e-02
4.311944688657723e-02
2.978077525715130e-02
3.527709094238100e-02
4.311944688657723e-02
4.603173929405149e-02
4.603173929405149e-02
3.719572118335482e-02
6.598954143266685e-02
6.598954143266685e-02
4.128622612844044e-02
3.789410610788577e-02
5.764359736582110e-02
7.136449865537242e-02
4.357683099284123e-02
5.815046626049664e-02
5.815046626049664e-02
3.984575739202632e-02
5.461359776599505e-02
4.716792816891320e-02
5.638707930402289e-02
6.407370638902100e-02
5.510758064217400e-02
3.912299813209412e-02
5.375535089208298e-02
3.240753026848574e-02
3.685112982129667e-02
6.312274023247781e-02
3.685112982129667e-02
5.995499326870692e-02
5.071508715757127e-02
5.071508715757127e-02
3.260852030443225e-02
3.169235761833345e-02
3.526256797727756e-02
4.277496420374587e-02
4.277496420374587e-02
3.414583401711398e-02
5.399710768065637e-02
3.137831994221234e-02
3.327356404324699e-02
3.327356404324699e-02
2.626319336495022e-02
3.482800592066351e-02
3.482800592066351e-02
3.201762482952679e-02
5.455063180890737e-02
3.168715644772405e-02
5.455063180890737e-02
3.863107319219440e-02
3.863107319219440e-02
5.455063180890737e-02
4.480675006517782e-02
4.480675006517782e-02
2.458747144544241e-02
3.683383954185253e-02
4.017227251626487e-02
6.333342167511899e-02
2.545916917594658e-02
4.861664582299004e-02
2.742343780032236e-02
2.742343780032236e-02
5.599936698740744e-02
2.742343780032236e-02
3.266618814468761e-02
3.266618814468761e-02
5.342453926333898e-02
5.342453926333898e-02
6.153195038929116e-02
5.705696695339207e-02
1.934811666323194e-02
2.406128055955995e-02
4.673173424974251e-02
4.673173424974251e-02
4.673173424974251e-02
4.673173424974251e-02
5.584567463430155e-02
5.704805083137939e-02
5.815210609787808e-02
4.854992730223899e-02
4.854992730223899e-02
4.959258150181486e-02
2.945872334004386e-02
5.338919565919908e-02
3.735837471207511e-02
5.554691961852330e-02
2.890517612619110e-02
6.403357343607527e-02
3.328811644224191e-02
6.403357343607527e-02
4.736569002442863e-02
7.120327453738309e-02
3.214825686055649e-02
6.541305277290395e-02
3.214825686055649e-02
3.214825686055649e-02
3.694998868937822e-02
3.694998868937822e-02
2.383264072610693e-02
2.383264072610693e-02
3.694998868937822e-02
5.079907850784242e-02
5.248180122055078e-02
3.253735378254404e-02
5.075574224261027e-02
1.977951448378226e-02
4.616762962536011e-02
4.762541599688155e-02
3.946439237076601e-02
4.008045898343529e-02
4.499938022426645e-02
4.499938022426645e-02
4.499938022426645e-02
4.499938022426645e-02
3.553631833631941e-02
3.115738689277489e-02
3.553631833631941e-02
3.811341072161965e-02
3.811341072161965e-02
3.961591444638031e-02
4.075516576358316e-02
3.831626654297460e-02
3.212022044713090e-02
3.212022044713090e-02
3.516779271236443e-02
3.212022044713090e-02
5.468728597731034e-02
5.468728597731034e-02
3.615564877043703e-02
3.615564877043703e-02
5.216289915083654e-02
6.113542072916979e-02
6.113542072916979e-02
6.030081207834392e-02
2.312750999063055e-02
4.508389507235182e-02
2.537728217811833e-02
3.815272744439800e-02
3.815272744439800e-02
2.822043552445430e-02
4.069287743225657e-02
4.419895343357109e-02
4.419895343357109e-02
4.222955240978715e-02
5.003647423227085e-02
4.222955240978715e-02
5.685032320756884e-02
5.359785645130329e-02
6.219696722242168e-02
5.181558894939983e-02
5.181558894939983e-02
5.098512909057328e-02
7.423477051124171e-02
7.423477051124171e-02
4.894325117937179e-02
4.414815425586877e-02
3.793957106437951e-02
3.653404934348453e-02
4.445935838549325e-02
4.511375518962375e-02
4.445935838549325e-02
3.601546566741060e-02
4.511375518962375e-02
5.557079042356641e-02
5.557079042356641e-02
5.627615706476330e-02
5.627615706476330e-02
4.770465777533971e-02
4.770465777533971e-02
3.819847585445653e-02
3.819847585445653e-02
4.972932120434858e-02
5.219745647147962e-02
3.533078333074174e-02
3.533078333074174e-02
5.145387299263489e-02
4.550847752332472e-02
2.080017509932483e-02
4.550847752332472e-02
2.902965054751335e-02
4.783958100374976e-02
3.071511467729507e-02
2.497955782868260e-02
4.579084748799980e-02
4.402175357930098e-02
4.834850679778100e-02
2.829488137444302e-02
5.641782970446003e-02
1.934766123437714e-02
3.930861725275105e-02
3.860235373859243e-02
3.860235373859243e-02
3.618685728962585e-02
3.466747546004165e-02
3.466747546004165e-02
4.619325995905930e-02
5.628718931985121e-02
6.430617931830337e-02
5.484304783471402e-02
5.728977878144137e-02
5.680529798914080e-02
4.284206261407357e-02
3.376676702349388e-02
3.376676702349388e-02
3.376676702349388e-02
3.105689268084457e-02
3.642835735087165e-02
2.895702067306777e-02
2.895702067306777e-02
3.506102506494992e-02
3.622035971913196e-02
4.616638075260104e-02
4.625074566218557e-02
3.551798468589837e-02
3.129182847839137e-02
3.551798468589837e-02
3.401888085363484e-02
8.065999974672279e-02
5.183878557310562e-02
5.183878557310562e-02
6.638492773907545e-02
6.638492773907545e-02
3.549664132674734e-02
3.404534712163199e-02
3.404534712163199e-02
4.507234488238802e-02
6.586943816050703e-02
6.586943816050703e-02
6.388544394084726e-02
7.207037603007289e-02
3.598948292056897e-02
3.235940583499115e-02
4.958387117519258e-02
3.513913494504592e-02
4.213631589788985e-02
3.374163853560444e-02
3.374163853560444e-02
3.374163853560444e-02
4.002331003841514e-02
4.457661256132762e-02
5.970227357015792e-02
5.970227357015792e-02
5.970227357015792e-02
5.970227357015792e-02
3.518265201363042e-02
5.970227357015792e-02
5.970227357015792e-02
5.970227357015792e-02
5.970227357015792e-02
5.186301146259826e-02
2.441272198901944e-02
5.299419145614322e-02
2.170837250943834e-02
5.494593672279304e-02
2.663464881731156e-02
4.636176259726360e-02
4.636176259726360e-02
4.601097503354939e-02
4.601097503354939e-02
4.456917309367976e-02
3.317323266098954e-02
6.417109989752397e-02
4.763285361660764e-02
6.007838511401210e-02
3.232028122042115e-02
3.866506510386683e-02
5.898263792823088e-02
3.866506510386683e-02
4.636897774979906e-02
4.636897774979906e-02
5.233042734202369e-02
4.636897774979906e-02
5.807088827623101e-02
2.681693708040597e-02
5.094946492208350e-02
5.617082301010388e-02
5.313309938253823e-02
3.841568398083312e-02
2.968611436544592e-02
5.758516890965149e-02
4.178928063069526e-02
3.556052218504009e-02
3.636038703269404e-02
4.499725172491165e-02
5.684739799468543e-02
5.684739799468543e-02
6.111422970984550e-02
6.111422970984550e-02
3.654491821931478e-02
5.703599680987404e-02
3.049284757911966e-02
2.646872493159474e-02
3.224247319541441e-02
4.572359505976114e-02
3.161397297062966e-02
3.161397297062966e-02
3.161397297062966e-02
3.458568127261925e-02
4.354668241439318e-02
3.276669140416948e-02
4.318402541528409e-02
2.750889595390922e-02
3.517296195391799e-02
3.694590648364678e-02
3.517296195391799e-02
5.123169451682547e-02
3.839537324381520e-02
3.517296195391799e-02
3.388694038872600e-02
3.234104569369906e-02
4.268420010335711e-02
3.868536236981271e-02
2.210372093296774e-02
3.868536236981271e-02
3.892384139165338e-02
5.101915240033113e-02
3.275624141519568e-02
2.284397781778006e-02
2.284397781778006e-02
5.517232124955935e-02
2.978394594362816e-02
4.665152359620692e-02
4.425046118426936e-02
4.425046118426936e-02
3.241186487261281e-02
3.683375218058227e-02
5.160475138030621e-02
3.409763485380816e-02
3.252618991642323e-02
5.676211937317845e-02
3.295722116682673e-02
3.295722116682673e-02
3.295722116682673e-02
3.430567676995358e-02
3.144088101391597e-02
3.434546827234800e-02
5.026728295880381e-02
5.026728295880381e-02
2.445775474905765e-02
4.211454766172510e-02
3.860432920517114e-02
3.860432920517114e-02
3.860432920517114e-02
5.695564082148914e-02
3.644095267454640e-02
3.644095267454640e-02
3.752390190678701e-02
5.152878169517837e-02
5.274497074595211e-02
5.152878169517837e-02
4.793903772389262e-02
4.793903772389262e-02
5.063403404705668e-02
6.105857229894555e-02
6.105857229894555e-02
4.603214722655924e-02
6.105857229894555e-02
6.105857229894555e-02
4.226914801653003e-02
3.478758538966954e-02
3.570883293300664e-02
3.570883293300664e-02
3.357478458231259e-02
6.984951822297265e-02
4.935644191316414e-02
4.935644191316414e-02
4.263257563097683e-02
5.709999934322833e-02
3.433857372442793e-02
3.433857372442793e-02
7.506890150293168e-02
4.353359304400160e-02
4.353359304400160e-02
6.593475413197999e-02
4.353359304400160e-02
6.593475413197999e-02
4.084326372063173e-02
3.706501954694110e-02
3.840607320529128e-02
4.812749786516083e-02
3.770178356126980e-02
3.770178356126980e-02
4.483147067416012e-02
4.483147067416012e-02
4.812749786516083e-02
4.812749786516083e-02
4.812749786516083e-02
4.195332211071143e-02
4.195332211071143e-02
4.354409048319446e-02
4.354409048319446e-02
3.751408000234918e-02
3.746307797429436e-02
3.624247961498089e-02
2.604927626459876e-02
4.916733202667679e-02
1.657993022681862e-02
4.604626591354405e-02
6.035721542916803e-02
3.021170748492790e-02
2.756431879990617e-02
2.756431879990617e-02
6.956914686946195e-02
3.023524749719178e-02
3.593229301910506e-02
5.902703264572425e-02
4.983489564708430e-02
3.346169323726143e-02
3.315362297341600e-02
5.434067353953855e-02
5.434067353953855e-02
4.670517723079515e-02
3.498628686505174e-02
3.185872590262633e-02
4.362309309517358e-02
5.632894824141052e-02
4.362309309517358e-02
4.362309309517358e-02
3.460432838770929e-02
3.460432838770929e-02
5.300848964697048e-02
3.850784586696310e-02
2.354329402466418e-02
2.354329402466418e-02
2.970387466569467e-02
2.855889617981371e-02
2.933401882359297e-02
2.933401882359297e-02
2.590737006047989e-02
3.095902432995651e-02
3.095902432995651e-02
3.095902432995651e-02
3.095902432995651e-02
3.624682274802713e-02
4.759234271710831e-02
5.031595192290709e-02
7.014331709325818e-02
5.998366504811512e-02
5.998366504811512e-02
5.559943337255353e-02
5.708618593959195e-02
4.841479593246777e-02
5.786183884184154e-02
4.841479593246777e-02
4.841479593246777e-02
5.645706366878925e-02
4.609070153634634e-02
5.874981667432991e-02
5.874981667432991e-02
7.198103660719701e-02
4.025928075075689e-02
6.995794904279312e-02
6.995794904279312e-02
4.954124965081484e-02
3.235939279172836e-02
2.371583282532314e-02
2.415388559264299e-02
3.948272842655936e-02
3.310090499749849e-02
2.701133391356357e-02
3.649941568917270e-02
3.448988895313584e-02
3.999974995810989e-02
3.131667166864149e-02
3.131667166864149e-02
3.409966427812314e-02
3.827677845307374e-02
2.424706709761715e-02
4.340098248711399e-02
4.340098248711399e-02
2.424706709761715e-02
2.424706709761715e-02
3.715146337688976e-02
2.517131105702350e-02
4.865316959267409e-02
3.778304135642684e-02
3.324826157867185e-02
3.490595063287759e-02
3.490595063287759e-02
3.561369330438433e-02
2.996727581605623e-02
3.036176440406984e-02
3.561369330438433e-02
5.768517487008804e-02
5.768517487008804e-02
2.914868697983703e-02
2.914868697983703e-02
4.214055235284215e-02
5.605668428818673e-02
5.222145416661952e-02
4.459391160895075e-02
5.222145416661952e-02
4.529763247113964e-02
2.797574862301678e-02
4.529763247113964e-02
5.222145416661952e-02
5.222145416661952e-02
5.222145416661952e-02
3.836883854243695e-02
3.836883854243695e-02
3.907205055140787e-02
3.995658567459241e-02
3.948704006997635e-02
6.635860581214940e-02
6.635860581214940e-02
3.223513389164708e-02
3.711985369298661e-02
3.301825210475620e-02
3.711985369298661e-02
3.896317511047357e-02
3.896317511047357e-02
3.896317511047357e-02
6.553250436876362e-02
3.651785071403930e-02
3.493323143536785e-02
2.596112795536664e-02
3.709700488363087e-02
6.504088331746113e-02
3.709700488363087e-02
2.843140906927635e-02
2.843140906927635e-02
3.687714752057976e-02
3.687714752057976e-02
3.687714752057976e-02
3.687714752057976e-02
6.957367997189264e-02
4.693439519919426e-02
4.693439519919426e-02
3.355644620527302e-02
3.355644620527302e-02
2.599572646153675e-02
3.355644620527302e-02
5.212826358693387e-02
2.599572646153675e-02
2.669145071941883e-02
4.401438345997976e-02
3.891740306733347e-02
4.013791846115745e-02
3.593605536191492e-02
4.036570919428117e-02
3.423422995137645e-02
4.036570919428117e-02
4.036570919428117e-02
5.369629676737996e-02
4.847342267311065e-02
4.295746582701399e-02
3.666873079943236e-02
4.898562731796080e-02
3.945668883502365e-02
4.317703168218506e-02
3.573795275618496e-02
3.573795275618496e-02
3.789580708044427e-02
2.762810140882865e-02
3.787349709084430e-02
3.787349709084430e-02
3.787349709084430e-02
3.787349709084430e-02
3.944075578966327e-02
4.499724496665438e-02
4.176755101807909e-02
4.176755101807909e-02
4.176755101807909e-02
4.176755101807909e-02
3.817276700107937e-02
4.443212165353747e-02
4.443212165353747e-02
2.564893999041996e-02
4.443212165353747e-02
4.443212165353747e-02
4.443212165353747e-02
2.650879157005771e-02
4.396405285973776e-02
4.396405285973776e-02
4.240316839559197e-02
4.570787319394404e-02
3.644600367139485e-02
4.396405285973776e-02
4.428180137328187e-02
4.040658928463125e-02
4.636796064380391e-02
3.016359264391336e-02
5.075832565211592e-02
5.075832565211592e-02
5.075832565211592e-02
5.954047084098625e-02
3.279050534441917e-02
2.864003448329210e-02
4.394207564995488e-02
4.939046448460913e-02
2.563405845807046e-02
4.394207564995488e-02
3.107825950169610e-02
3.863472083491732e-02
3.118004249000095e-02
4.396853372169528e-02
4.460980502185534e-02
4.460980502185534e-02
5.757043550892972e-02
4.460980502185534e-02
4.460980502185534e-02
3.382999165439385e-02
3.835761711584355e-02
4.670438528293101e-02
3.835761711584355e-02
4.667790222770141e-02
4.202097186465829e-02
4.736009613843329e-02
3.574771080645617e-02
3.930046830357823e-02
3.550058539175698e-02
3.550058539175698e-02
2.730435302345540e-02
3.550058539175698e-02
4.379195525122507e-02
3.371338479209549e-02
3.746405608189862e-02
3.746405608189862e-02
4.377861128900872e-02
3.735921511103538e-02
3.735921511103538e-02
3.735921511103538e-02
3.735921511103538e-02
7.119310380816984e-02
3.975504114571103e-02
4.594211049526020e-02
4.474567001940115e-02
4.872837841309765e-02
4.025555430601695e-02
3.894624753933413e-02
4.214618710473701e-02
4.557918772459309e-02
3.953330947700610e-02
3.953330947700610e-02
3.953330947700610e-02
3.113866634459958e-02
4.447816042303114e-02
3.507567777220221e-02
3.507567777220221e-02
4.464045656653085e-02
3.507567777220221e-02
4.600107735148553e-02
4.041048277641659e-02
3.522474025581617e-02
3.522474025581617e-02
3.522474025581617e-02
3.522474025581617e-02
3.522474025581617e-02
2.987846469812848e-02
2.987846469812848e-02
2.987846469812848e-02
5.042997700780769e-02
4.253538240229756e-02
4.253250082907176e-02
2.434904792894476e-02
2.993698714631320e-02
3.436317058372545e-02
3.630861779586571e-02
2.819119112013024e-02
3.769406699707250e-02
3.778419404399020e-02
3.778419404399020e-02
4.435449960126441e-02
3.110366260774720e-02
3.110366260774720e-02
3.594637628196685e-02
2.802681217241203e-02
4.064952884664063e-02
4.064952884664063e-02
3.180868708714400e-02
3.180868708714400e-02
3.180868708714400e-02
3.180868708714400e-02
3.180868708714400e-02
2.148892084723549e-02
3.598897451979293e-02
4.385798709027088e-02
4.257063285269239e-02
3.598897451979293e-02
4.257063285269239e-02
4.318429358118920e-02
4.906477098586563e-02
5.135115392133338e-02
2.002977508998661e-02
4.586019094027290e-02
3.924158768650783e-02
3.658308957137438e-02
4.136463239353839e-02
3.658308957137438e-02
4.126416163772478e-02
4.706701067699840e-02
4.136463239353839e-02
4.724538232295060e-02
5.457824033047684e-02
6.228934489471184e-02
5.719842264229198e-02
4.143219416301745e-02
6.228934489471184e-02
5.013182341152657e-02
4.546652007039642e-02
5.141521736754014e-02
5.633512442861960e-02
5.659524259922791e-02
4.250553730941527e-02
4.217873034450113e-02
3.760854019650509e-02
4.677474262687786e-02
2.223382060297308e-02
4.677474262687786e-02
4.677474262687786e-02
5.094649424134338e-02
2.223382060297308e-02
5.779797874084667e-02
5.107343114789386e-02
2.223382060297308e-02
4.584184306617844e-02
5.107343114789386e-02
5.092560040813247e-02
5.437190181016632e-02
5.437190181016632e-02
3.085794250627790e-02
3.700623200217121e-02
3.085794250627790e-02
1.844090218105366e-02
1.844090218105366e-02
5.297408100907823e-02
3.069953367459993e-02
5.195014332404382e-02
5.195014332404382e-02
4.849295038029072e-02
5.028942854588542e-02
4.418600197346752e-02
4.739523050196872e-02
4.739523050196872e-02
5.270318409971487e-02
4.905032833664351e-02
4.905032833664351e-02
4.169658408690465e-02
4.169658408690465e-02
5.556348992633275e-02
3.725012566805064e-02
2.572882823021435e-02
5.026764076216119e-02
5.026764076216119e-02
2.779577739840031e-02
2.779577739840031e-02
5.245625682169477e-02
3.233050568080484e-02
4.066810964068222e-02
4.533716751810846e-02
4.227677079524455e-02
5.873320184427956e-02
4.366516164092322e-02
4.366516164092322e-02
4.456336364954021e-02
4.366516164092322e-02
3.924504249444278e-02
4.566983025695240e-02
4.478476528963529e-02
5.438625055900567e-02
3.511423183534052e-02
5.438625055900567e-02
3.538951276702676e-02
3.383781212777847e-02
5.143520289741429e-02
3.744585656216024e-02
5.180298542659043e-02
4.415303117072384e-02
3.974468677007652e-02
3.526734010747831e-02
5.396866716367090e-02
4.294572253446267e-02
3.104450419973137e-02
4.108946844403186e-02
3.368222411082891e-02
3.368222411082891e-02
3.554087303985638e-02
2.750409905398358e-02
3.554087303985638e-02
4.354853886993784e-02
4.135486096224528e-02
4.135486096224528e-02
5.136258686484882e-02
4.227941585529650e-02
6.906024913062948e-02
5.081119691553193e-02
4.291813741662623e-02
3.233862268154692e-02
4.554255409806339e-02
4.227941585529650e-02
4.578680306693862e-02
4.782464552797599e-02
4.979508209749379e-02
5.587528176926178e-02
6.401114029157196e-02
4.031834811577666e-02
6.351138325614422e-02
5.529957932512314e-02
4.031834811577666e-02
5.877234014909692e-02
5.529957932512314e-02
4.376879496709236e-02
5.529957932512314e-02
4.058894201064684e-02
3.852105553018163e-02
6.157365402702969e-02
5.905131879464037e-02
4.309753571626012e-02
4.335314058019362e-02
4.335314058019362e-02
7.179740372645546e-02
7.179740372645546e-02
4.526700328640605e-02
3.595007616634018e-02
2.690480627779267e-02
3.517435347063624e-02
2.690480627779267e-02
2.690480627779267e-02
2.690480627779267e-02
4.893872505931837e-02
2.565608586950859e-02
5.802464563500777e-02
5.000309852227846e-02
3.341784488306218e-02
5.788135492565212e-02
5.788135492565212e-02
5.788135492565212e-02
5.461713496246522e-02
3.787594056012493e-02
3.746863103892254e-02
3.001380112708468e-02
5.443073872624121e-02
3.032112580321664e-02
4.034105848887925e-02
4.034105848887925e-02
4.962506911200557e-02
4.962506911200557e-02
3.856139970072561e-02
3.002112573310924e-02
3.002112573310924e-02
4.422793321651114e-02
3.373734172034522e-02
3.373734172034522e-02
3.705320755939980e-02
3.373734172034522e-02
4.321541571044107e-02
3.564582967215930e-02
4.321541571044107e-02
4.321541571044107e-02
4.266024620929670e-02
2.107240705207222e-02
2.026129590307561e-02
2.749427532553637e-02
5.370337745537338e-02
5.370337745537338e-02
5.150658675176627e-02
4.590323879433898e-02
3.706916623901305e-02
2.654700891098145e-02
3.441099399935839e-02
2.654700891098145e-02
4.612617851329444e-02
4.612617851329444e-02
4.373236770931022e-02
3.428546873050317e-02
3.371822582368927e-02
4.886798549724907e-02
3.649289552039009e-02
2.896487370351719e-02
3.649289552039009e-02
2.849198282129423e-02
2.849198282129423e-02
3.649289552039009e-02
2.973485656658696e-02
2.973485656658696e-02
3.806404896249932e-02
3.532052547780176e-02
3.088705559018529e-02
3.088705559018529e-02
4.268785369907251e-02
3.167701882586691e-02
3.167701882586691e-02
2.391843648051667e-02
3.073069981677458e-02
5.159088511934081e-02
5.420409807701820e-02
4.657490899680970e-02
4.657490899680970e-02
5.513908846317103e-02
5.828443560546599e-02
4.108917610076754e-02
4.108917610076754e-02
4.178391644248337e-02
5.457472882190559e-02
5.457472882190559e-02
6.993669340675335e-02
4.544037384771624e-02
4.078782649123436e-02
3.979092802740208e-02
4.078782649123436e-02
3.543341758969606e-02
3.543341758969606e-02
3.664012536086787e-02
3.543341758969606e-02
6.205206140910322e-02
4.143763995136237e-02
3.519064467496511e-02
5.714594706500566e-02
5.714594706500566e-02
3.519064467496511e-02
3.391482800280626e-02
5.151409455553130e-02
5.151409455553130e-02
2.684393130197809e-02
5.151409455553130e-02
4.488534185403893e-02
3.702647906297630e-02
3.778387616859484e-02
5.282756908098205e-02
5.357864769578825e-02
4.142516152442809e-02
5.149285423925640e-02
5.145266535317040e-02
5.149285423925640e-02
5.485248183600785e-02
3.106381765398118e-02
3.576972707690380e-02
3.599566189953303e-02
5.196352999468618e-02
4.254435939068555e-02
2.186698387582257e-02
4.254435939068555e-02
4.254435939068555e-02
1.826852508927543e-02
4.938624010850159e-02
4.938624010850159e-02
4.938624010850159e-02
3.210444278386807e-02
4.938624010850159e-02
3.210444278386807e-02
3.210444278386807e-02
4.938624010850159e-02
3.210444278386807e-02
3.210444278386807e-02
2.443372273006168e-02
3.889379160263522e-02
5.938971910761488e-02
5.097869788888786e-02
2.606184183177562e-02
2.606184183177562e-02
4.129676366062231e-02
3.380179350949016e-02
3.544705100156369e-02
3.544705100156369e-02
2.519777011507986e-02
3.540407966920534e-02
5.216550486224539e-02
3.396339409906685e-02
6.247015073390680e-02
6.344584948673085e-02
4.058960782366276e-02
4.058960782366276e-02
6.358198537628744e-02
4.887989510425041e-02
6.358198537628744e-02
6.358198537628744e-02
5.245796878177877e-02
7.025084453566338e-02
7.025084453566338e-02
2.986255707121100e-02
2.986255707121100e-02
3.818872169528141e-02
4.514247352646909e-02
4.514247352646909e-02
4.624775366562077e-02
5.906400742360537e-02
5.906400742360537e-02
4.929611063388291e-02
5.906400742360537e-02
3.927911389851789e-02
5.452649558009252e-02
5.306032059911727e-02
4.350332526644610e-02
5.221468145673572e-02
4.102212612951910e-02
3.463255439493496e-02
3.977288815855676e-02
3.977288815855676e-02
4.055580782656148e-02
4.055580782656148e-02
5.056621794649663e-02
5.184625048216047e-02
3.166372978546125e-02
5.184625048216047e-02
6.147498583215277e-02
3.925467627978061e-02
6.475265297049732e-02
4.778271893128642e-02
5.199933281614454e-02
6.690255125386545e-02
5.048639029053057e-02
3.832727851538980e-02
5.048639029053057e-02
6.143173540953997e-02
5.306161194018193e-02
5.306161194018193e-02
5.006646567909390e-02
6.064378061515188e-02
5.888043789661322e-02
4.364196269233703e-02
5.888043789661322e-02
5.063224883067614e-02
5.151180765237461e-02
4.697233047259879e-02
3.911659047455048e-02
4.580164964948956e-02
5.505229808277872e-02
6.518611857435304e-02
5.090914443424341e-02
3.058455509378538e-02
