8.280914328528636e-01
8.280914328528636e-01
8.451969670034145e-01
8.837277875800851e-01
8.932529359067223e-01
9.031385961721899e-01
9.031385961721899e-01
9.539657300197870e-01
9.247288242463250e-01
8.209549056017288e-01
8.832460772648986e-01
8.271469026617222e-01
9.204659899814618e-01
8.423356086413796e-01
7.402478390925500e-01
7.994936272540786e-01
9.659173075740810e-01
7.474715949719658e-01
7.474715949719658e-01
9.408979518345940e-01
7.626168710117625e-01
9.776579179320111e-01
7.328354929353382e-01
6.637067264442120e-01
6.652863669347913e-01
9.041638295906099e-01
8.147733232741444e-01
7.703773438424962e-01
9.247384662854192e-01
9.247384662854192e-01
7.194476390373284e-01
9.405702441779114e-01
8.238126803517900e-01
9.336562575539753e-01
8.124432570575530e-01
9.297934834266828e-01
9.435828308762894e-01
9.280607856480599e-01
6.938178891987629e-01
7.762611216445174e-01
7.692384087999647e-01
8.814312257298083e-01
7.359772299169801e-01
8.956800743713907e-01
8.222872131361997e-01
7.644542990515690e-01
7.765304212308149e-01
9.508372457768011e-01
7.627531718712675e-01
7.901552412919757e-01
7.914914438916467e-01
8.537802668467028e-01
8.486442226473496e-01
8.639668504763569e-01
8.273649735781758e-01
8.084614116556751e-01
9.052519959733716e-01
8.068060961980651e-01
8.017796945399667e-01
7.329186686535585e-01
7.623991466891279e-01
6.679937459049116e-01
8.426140224914656e-01
6.679937459049116e-01
6.723695485865412e-01
6.515519278826305e-01
6.515519278826305e-01
6.490675200561433e-01
7.704077587919836e-01
6.490675200561433e-01
8.349413237713079e-01
1.005149691056699e+00
8.219313588898878e-01
5.414148274751955e-01
7.936804968301354e-01
9.779309082545563e-01
7.510989656545880e-01
1.032860819261003e+00
1.062865948345988e+00
1.046350929397159e+00
7.596552728079328e-01
7.512682367198585e-01
7.512682367198585e-01
7.643202039679240e-01
7.565516139253817e-01
5.554051609927403e-01
7.467353832259548e-01
8.411510439507692e-01
8.486720012826129e-01
7.263796762832256e-01
7.263796762832256e-01
8.286242064030622e-01
7.172160835226289e-01
7.502483889674316e-01
7.502483889674316e-01
6.935610698114633e-01
8.428892273050029e-01
7.502333650198524e-01
7.207573550277775e-01
7.479888440074788e-01
7.464690455420236e-01
7.464241033680160e-01
7.400594209351887e-01
8.487490903441270e-01
7.892474031480571e-01
8.270480272049688e-01
8.432119699410222e-01
7.270219656606351e-01
8.043388899864231e-01
7.558011960599580e-01
8.656287835546516e-01
8.532881512895130e-01
7.764801836394075e-01
8.905391959732126e-01
8.828569049103659e-01
7.681531260595011e-01
8.693774128585166e-01
8.693774128585166e-01
8.172967803642671e-01
7.738818584952974e-01
7.613636647126673e-01
7.697436431128193e-01
8.050263046780142e-01
7.359698818769250e-01
7.359698818769250e-01
7.085177411022499e-01
8.639895328860450e-01
8.316061758178779e-01
6.843365542839626e-01
8.267849092831536e-01
8.200489445139236e-01
7.995513643468932e-01
7.823960600321791e-01
7.994545549049169e-01
7.909877867021086e-01
7.481785730298491e-01
7.751067355950350e-01
7.418214785848983e-01
7.805804638917999e-01
7.180506261192919e-01
7.629586651622776e-01
8.086761034416501e-01
7.937040579925467e-01
7.937040579925467e-01
7.613278479380288e-01
7.521606698978340e-01
6.741504301224772e-01
6.813441942513078e-01
6.663086956215316e-01
6.663086956215316e-01
7.036248578140961e-01
6.537744562552428e-01
6.477338380153419e-01
6.847358869367821e-01
6.636069663385138e-01
6.759857065429481e-01
6.786454073399901e-01
7.681096906748224e-01
7.731482387388410e-01
7.535710702471717e-01
7.672145815374030e-01
7.524975990718462e-01
7.591970981818350e-01
8.323436009494442e-01
7.366665966541157e-01
8.462001350291839e-01
7.725511417342428e-01
7.619433797742637e-01
7.903186615843764e-01
7.643035657833582e-01
8.387391592598422e-01
7.760865269672255e-01
7.682550933296488e-01
6.683343514132203e-01
7.398083366046181e-01
6.979715603272265e-01
6.860686472275417e-01
7.939305662089152e-01
7.755880664409533e-01
7.344334569060949e-01
7.344334569060949e-01
7.344334569060949e-01
7.073216523345101e-01
7.289936772160919e-01
7.061670095466623e-01
7.226231900216793e-01
7.401950536972765e-01
7.401950536972765e-01
7.414226362625810e-01
7.414226362625810e-01
7.322103751481681e-01
7.390608365892292e-01
7.252411810708284e-01
7.277453004919143e-01
7.406953091589902e-01
7.406953091589902e-01
7.439225116452514e-01
7.483208701587553e-01
7.377828837446415e-01
7.573592514729146e-01
7.730130271591882e-01
7.348965298511790e-01
7.078394874673039e-01
7.764566212346350e-01
7.112738823617938e-01
8.073743012263829e-01
7.908247885940389e-01
7.736930973866617e-01
7.616075955567081e-01
7.444392697960206e-01
7.809460855743952e-01
8.131546791494290e-01
8.231504006769417e-01
7.778245352789932e-01
8.091939200409278e-01
7.831077055444008e-01
8.100631629715361e-01
7.951439362894946e-01
8.100631629715361e-01
6.664541148317998e-01
6.623687750249294e-01
6.635215712400012e-01
6.810742861241552e-01
7.193938437112684e-01
7.193938437112684e-01
7.362337621059030e-01
7.417732972051290e-01
7.119896896351356e-01
7.108923397929768e-01
6.938535681127729e-01
7.032512934526817e-01
7.517893036106336e-01
6.744723671093453e-01
6.666604962711119e-01
6.807736432878860e-01
6.807736432878860e-01
7.937474803344692e-01
9.055638240845265e-01
8.830732764227128e-01
6.934768304939012e-01
8.772419365810277e-01
6.952800567303195e-01
8.667219318764847e-01
8.289389733408229e-01
8.873352851747686e-01
8.873352851747686e-01
8.984193521129334e-01
8.553091965163588e-01
9.273745747780376e-01
9.305277182444012e-01
9.305277182444012e-01
7.978585523382971e-01
8.439284530604657e-01
7.712736841952034e-01
8.891247657256323e-01
8.832108634337746e-01
8.832108634337746e-01
8.167502883834733e-01
7.864205705841345e-01
8.106259154132516e-01
7.398808042101369e-01
7.312694704491574e-01
7.329615580687846e-01
8.191740730318736e-01
8.191740730318736e-01
7.885014641510180e-01
7.707217092125448e-01
7.752991957058900e-01
7.867270558219354e-01
7.799284570187183e-01
7.057817550152090e-01
6.994914322937691e-01
7.936519598208787e-01
7.093665381834910e-01
7.180808922180602e-01
6.976696431584491e-01
6.950004029581922e-01
7.121080522940900e-01
6.983396643864054e-01
7.108338041595121e-01
7.729123460635732e-01
7.531113101873542e-01
7.033408572421672e-01
7.592276096504875e-01
6.976702274889995e-01
7.409582872469846e-01
7.164077375280586e-01
7.164077375280586e-01
8.558911320173649e-01
8.558911320173649e-01
7.815408043776954e-01
8.500223758666502e-01
7.529556379701841e-01
7.529556379701841e-01
8.676381700849185e-01
8.004733732282444e-01
8.684802926973443e-01
8.720613823397900e-01
8.137290016875335e-01
8.480891653047657e-01
7.993018525963347e-01
8.181883656628022e-01
8.544503119959383e-01
8.023779045685119e-01
9.256344663138368e-01
8.954560020870080e-01
8.021907974273981e-01
8.865255494130830e-01
8.865255494130830e-01
8.865255494130830e-01
7.557191381981826e-01
8.750623274084437e-01
7.224284525017692e-01
9.074536600749201e-01
7.863812809111286e-01
8.920747314875654e-01
7.739774658985956e-01
8.920747314875654e-01
7.995066329638009e-01
8.355706263450656e-01
8.082900073699107e-01
7.858260781175969e-01
7.583834848062528e-01
9.031114459172537e-01
9.031114459172537e-01
8.836318736100300e-01
8.752284590450310e-01
8.405056042387226e-01
8.044060085228261e-01
8.210899931280129e-01
8.398415069575280e-01
8.398415069575280e-01
8.646165068201546e-01
8.524614018714713e-01
8.300905475091862e-01
8.422568138761016e-01
8.673961876063053e-01
8.621306146043337e-01
8.517107925773182e-01
8.535090037387670e-01
8.261341212326639e-01
7.720078496968038e-01
8.352161956729320e-01
8.350732547011458e-01
8.259346844135254e-01
8.168070880459203e-01
7.042947605754636e-01
8.223080078217491e-01
6.920811585528469e-01
8.687200811896885e-01
8.613372119313367e-01
6.592850589519990e-01
7.769545871032578e-01
7.333190036672649e-01
7.184485276029136e-01
7.184485276029136e-01
7.719199654253971e-01
7.729822808212348e-01
7.274995362456108e-01
7.180465864706537e-01
7.561532165592921e-01
7.186651896596120e-01
7.732610710597350e-01
7.215259574674651e-01
7.772363812405090e-01
7.284744948676277e-01
7.199131229211507e-01
7.391365388277953e-01
8.102865857015992e-01
5.793090948021192e-01
5.793090948021192e-01
5.793090948021192e-01
8.001167658784895e-01
8.415101254261177e-01
7.570684163715838e-01
8.486584363034033e-01
5.860985730225006e-01
5.857764552922430e-01
5.857764552922430e-01
8.296217192466421e-01
5.690775778565416e-01
5.572866239010736e-01
7.603153199975298e-01
7.696127016403234e-01
7.591591383351592e-01
6.059703642773377e-01
8.193316507351451e-01
7.193953507925177e-01
7.406812317751642e-01
8.277114383578088e-01
6.861950604029500e-01
7.448097573171271e-01
6.911118118716640e-01
7.055027445589770e-01
7.704820198150182e-01
8.018663195162266e-01
8.240682479265125e-01
8.240682479265125e-01
8.130088230689616e-01
8.186965663364869e-01
8.186965663364869e-01
7.942065916081493e-01
7.942065916081493e-01
8.179810533515024e-01
7.889979416510021e-01
6.662317019680719e-01
7.798116532637962e-01
6.639335565262776e-01
7.238823658587676e-01
6.607563698951503e-01
6.582301886504693e-01
6.639545118470869e-01
6.562849057675856e-01
6.562849057675856e-01
7.376767825693281e-01
7.376767825693281e-01
6.721884409131368e-01
6.679445110681220e-01
7.376767825693281e-01
6.839264213860869e-01
7.376695144778712e-01
7.303852570784211e-01
7.079499774629038e-01
7.642075439427521e-01
6.766272261247859e-01
7.228731071725679e-01
7.228731071725679e-01
8.109565738413994e-01
7.583855021168464e-01
7.371784394792830e-01
7.576926169303642e-01
7.534620283130855e-01
7.645700563864614e-01
7.572415076176049e-01
7.598507234013941e-01
7.550944979457502e-01
7.625465904764894e-01
7.633815024205683e-01
7.054249924921084e-01
7.777114602983419e-01
8.411063465852027e-01
7.710878281970241e-01
7.913911712516112e-01
7.886180995831533e-01
7.914060920179928e-01
7.970572378810546e-01
7.967748508107774e-01
7.449575852483545e-01
8.659930399271062e-01
7.391668807170515e-01
9.313433515702734e-01
9.313433515702734e-01
9.608113406982310e-01
9.608113406982310e-01
9.446421625465865e-01
7.598984462463368e-01
7.206412681732447e-01
8.684849407476274e-01
8.684849407476274e-01
9.008179831938583e-01
6.013109142447282e-01
6.688873411332438e-01
6.683640579722003e-01
9.744859459065524e-01
6.891187483039269e-01
9.182274759669862e-01
7.442587674852023e-01
7.294407107969622e-01
8.038267920831857e-01
8.198420846795631e-01
8.573329444622914e-01
8.576077724761542e-01
8.623867264569786e-01
7.837228362522468e-01
7.969239616613706e-01
7.828230240563130e-01
8.058472378642435e-01
7.018379917447249e-01
7.467888758222250e-01
8.914488601183674e-01
7.261620444359406e-01
8.875042420151158e-01
8.951232819169074e-01
9.186243138914546e-01
8.277439641291656e-01
8.174725031515403e-01
6.502676352136025e-01
6.502676352136025e-01
8.716573506247236e-01
8.080364925140342e-01
8.261410986228325e-01
6.549491514355400e-01
9.064528377431614e-01
6.837402101107607e-01
6.797696337264401e-01
7.373400897531390e-01
8.755841822147158e-01
8.281509823798151e-01
8.180112180907242e-01
7.577126939185115e-01
8.136541038505491e-01
7.741123368821505e-01
9.252329275836652e-01
7.838875353162669e-01
8.722443127107882e-01
9.252329275836652e-01
7.832646836067354e-01
8.863032980514471e-01
8.425880081465822e-01
8.310616973853001e-01
8.104086176052563e-01
7.075142234999812e-01
8.078564571054430e-01
8.198189968414481e-01
8.644565699320854e-01
7.339984651205397e-01
7.613937210661949e-01
7.283539492850332e-01
8.641074520398783e-01
7.927161058867278e-01
7.631032704006205e-01
7.615853352398978e-01
7.557551186096392e-01
8.202562228530584e-01
7.987894559129322e-01
8.099686098681734e-01
8.214070375906387e-01
8.084906467433947e-01
7.957834314774437e-01
7.984208018480449e-01
8.013041826163583e-01
8.148477532596224e-01
7.341475594158459e-01
7.705948741001092e-01
7.705948741001092e-01
7.571407287957362e-01
8.042658545510614e-01
8.042658545510614e-01
8.322594154175186e-01
7.402007220929648e-01
7.991463220237933e-01
7.785961509711320e-01
7.785961509711320e-01
7.738893669048220e-01
7.077756312504856e-01
6.972762420814149e-01
6.954853169475114e-01
6.689936422196758e-01
6.637992735695876e-01
6.789121435770055e-01
7.285638023554809e-01
6.945002438821098e-01
6.676033361397808e-01
7.198631275047682e-01
7.869738912518714e-01
6.930810186313114e-01
8.502061707056279e-01
7.338071214840602e-01
7.489591026520583e-01
8.384766485969471e-01
7.484420743537312e-01
7.620239749390256e-01
9.010298147602732e-01
9.010298147602732e-01
7.674798267787584e-01
8.886863313222321e-01
8.923065998120679e-01
8.187862406922588e-01
7.462707655036058e-01
9.048714267615772e-01
9.016332662834463e-01
7.454667389205856e-01
8.295386435706560e-01
7.262521348201303e-01
7.262521348201303e-01
8.970149571343965e-01
7.188289925186506e-01
1.026531327348660e+00
6.917257585975740e-01
6.392293412544184e-01
7.358383002552598e-01
7.897587788223054e-01
8.926112446940533e-01
9.119595579212875e-01
8.531343280757820e-01
8.739881945659904e-01
8.422602888917401e-01
1.012161781659866e+00
8.050908675483180e-01
1.023014451241985e+00
8.554141825262904e-01
9.161347818721982e-01
1.009227618922175e+00
9.297085760498318e-01
9.271880063622444e-01
1.021194303726247e+00
1.009978236124071e+00
1.003790726404877e+00
1.001076698189950e+00
1.020244176794812e+00
9.847921424412098e-01
7.467754431305594e-01
9.566239152277833e-01
7.381099774253820e-01
1.013560033730856e+00
7.799300753270882e-01
8.158871893302669e-01
9.385074936569973e-01
9.434785011746749e-01
9.198267206262045e-01
8.935863057928642e-01
9.176168153079414e-01
9.347409498259422e-01
8.563620170914948e-01
8.813725192668178e-01
7.922068914623096e-01
7.765683640977064e-01
7.489936372864516e-01
7.526082836789499e-01
7.584540999800562e-01
7.584540999800562e-01
7.636458560061991e-01
7.953840341827256e-01
8.496437327146812e-01
8.505718362481429e-01
8.278612331877763e-01
8.234137884033318e-01
8.357284687975834e-01
8.557867960692362e-01
8.155965499383032e-01
7.541428095647827e-01
8.213758757129934e-01
1.050220436041192e+00
7.439422003215020e-01
8.059816981647209e-01
1.048851411130825e+00
7.125127724147895e-01
7.125127724147895e-01
7.859389332460872e-01
7.529258595212119e-01
7.726098416474306e-01
1.020258798511678e+00
7.684767607144120e-01
9.054877187605938e-01
9.054877187605938e-01
9.835972985466837e-01
7.663545170917178e-01
7.708348096165176e-01
7.597452015721852e-01
7.704828056125309e-01
8.349311194305989e-01
9.478637769776993e-01
7.786228433119876e-01
8.143914276754408e-01
9.103324743330931e-01
7.317780962749334e-01
9.083817733708193e-01
6.956225277877855e-01
7.778027481716919e-01
6.981511560960275e-01
6.981511560960275e-01
9.365659727630443e-01
8.131356724340922e-01
8.089540540395511e-01
8.089540540395511e-01
9.397103672563265e-01
9.489218303749323e-01
8.351920433030920e-01
8.351920433030920e-01
8.381774114053308e-01
8.443583029267391e-01
8.471906230671877e-01
8.864942025043848e-01
7.785415463072449e-01
7.785415463072449e-01
8.548092580745987e-01
7.219367119308788e-01
7.781271606014062e-01
8.328868296251810e-01
8.114740045727286e-01
7.524192039561990e-01
8.429033652358718e-01
8.429033652358718e-01
7.206150342910937e-01
7.960521471944745e-01
7.507150817124626e-01
8.055454728942103e-01
7.232439300528400e-01
7.419287395699671e-01
8.092684895350135e-01
7.419287395699671e-01
7.943421828999120e-01
8.059308647748182e-01
7.222946262979502e-01
8.056755056069208e-01
8.076295527535623e-01
7.458373172010641e-01
8.663097770884576e-01
7.268212253824795e-01
7.216341793061085e-01
7.216341793061085e-01
9.145869589002669e-01
7.478209725463073e-01
7.244733805090550e-01
8.655241567707671e-01
8.289264879529240e-01
7.582394854126741e-01
7.117583639292253e-01
7.612348420915347e-01
7.543772289734935e-01
7.543772289734935e-01
6.605994056699600e-01
6.644263591062072e-01
6.644263591062072e-01
6.659257857702318e-01
8.416082277249216e-01
8.890734157246788e-01
6.863762129649635e-01
6.817554598844857e-01
6.276198083434521e-01
6.288216551304773e-01
8.101957623686977e-01
6.356787825864347e-01
7.802269135721738e-01
7.802269135721738e-01
7.802269135721738e-01
6.935916223399047e-01
8.397073359285583e-01
7.621151806563432e-01
8.009601313736213e-01
8.009601313736213e-01
7.877238310173647e-01
7.877238310173647e-01
8.127884846647556e-01
8.184151251921462e-01
8.184151251921462e-01
6.490455639150007e-01
6.490455639150007e-01
6.707953837506174e-01
7.097174068144170e-01
6.806516997205105e-01
7.027796399422188e-01
6.823620258136643e-01
6.994833675141827e-01
7.824219028899217e-01
7.023639856814907e-01
8.209872199511773e-01
6.740246242981448e-01
8.387606677641363e-01
6.526374939409161e-01
8.627451136533046e-01
7.382834011007606e-01
6.868405431445210e-01
8.725774634049438e-01
7.167731344100342e-01
7.167731344100342e-01
6.907960377258058e-01
6.770920460692974e-01
6.713075975306739e-01
7.940499348583786e-01
7.683926811708006e-01
7.630119600969838e-01
7.459571371212822e-01
7.222310313864228e-01
8.527106364032375e-01
8.018399463323111e-01
7.203828998820511e-01
8.053390835017437e-01
8.442805625637542e-01
8.085838257800678e-01
8.306190084152697e-01
8.194143915378466e-01
7.890278846473463e-01
6.861244734803386e-01
8.025201715047263e-01
6.648133849897557e-01
7.383884597254986e-01
7.458536691510929e-01
7.699485689518426e-01
7.528607244482642e-01
7.680926606391514e-01
7.243252560955602e-01
7.221453963324973e-01
6.981543583312824e-01
7.649708002175617e-01
7.372341891193430e-01
7.541327260556029e-01
7.541327260556029e-01
7.395203037555692e-01
7.567899823741534e-01
7.552897939193951e-01
7.554943708001632e-01
7.212148114071677e-01
7.711875160266057e-01
7.259886274091067e-01
7.479536754789285e-01
8.175378780426428e-01
8.240192889419273e-01
6.676185069132053e-01
8.307157213594684e-01
8.338968295204529e-01
6.500843016243862e-01
6.356618244757405e-01
6.531226229022502e-01
8.356248809711883e-01
8.900622716334643e-01
9.020917215434158e-01
9.020917215434158e-01
9.379666380955803e-01
8.077180504587325e-01
8.127843232363193e-01
6.191354681122694e-01
6.470633580482739e-01
6.599956456630957e-01
8.588432082061307e-01
6.588276264703250e-01
6.588276264703250e-01
8.342894765189575e-01
8.396950611419952e-01
8.388520800372347e-01
7.631040236610320e-01
6.577009154274686e-01
6.577009154274686e-01
6.703151494872783e-01
8.433145272201431e-01
6.703151494872783e-01
7.739815107806393e-01
8.249102597809943e-01
6.845054152458077e-01
6.845054152458077e-01
7.951757611867969e-01
8.001061753706786e-01
7.861798478624124e-01
7.869071815821700e-01
7.221007505476017e-01
8.097926106991706e-01
8.219871253837456e-01
7.231712257114030e-01
6.987445369050823e-01
7.697909712792831e-01
7.123817800891908e-01
7.216590383553607e-01
7.220330016525887e-01
7.015360152842640e-01
6.422514444424918e-01
6.427081745202361e-01
7.661472256995449e-01
8.161183398300413e-01
6.603053696261587e-01
8.085809848181679e-01
8.062941401148626e-01
7.984795480002442e-01
6.998087986879544e-01
7.639190555225776e-01
8.089666739355754e-01
8.715818572064966e-01
8.052993029995068e-01
7.572853844923417e-01
8.296372708019137e-01
8.404616551729537e-01
8.314366739321629e-01
7.697965202175702e-01
7.935246271425295e-01
8.813170176711210e-01
8.800748013999041e-01
8.837931403694399e-01
8.877166499055185e-01
7.206352798521578e-01
8.771874033672926e-01
8.167369242155191e-01
7.065968620129820e-01
8.957093671800709e-01
7.068053630111426e-01
7.068053630111426e-01
9.356987099599857e-01
7.575193090065743e-01
7.443264982035385e-01
9.845550016364146e-01
7.528709727500160e-01
7.502172019689136e-01
7.410456681434769e-01
6.581826250293084e-01
8.883836483739623e-01
6.834802375206728e-01
7.723316638586538e-01
7.723316638586538e-01
7.583725630295252e-01
8.795456594838168e-01
6.682457331822566e-01
6.615307022289000e-01
8.995856131022530e-01
8.995856131022530e-01
8.933979433340627e-01
5.996004167467901e-01
8.793885026162247e-01
8.426922050740755e-01
6.318890820228250e-01
6.392824584708825e-01
9.327446557124592e-01
8.471791114543159e-01
9.476656854476002e-01
9.569057693319027e-01
9.538990200258548e-01
7.946006044543298e-01
9.483259724766715e-01
9.633975135105902e-01
6.608778054877257e-01
6.608778054877257e-01
6.331809233558283e-01
6.893616872478358e-01
7.052496854282272e-01
6.737506404015675e-01
9.406770914282850e-01
7.836066626967534e-01
9.459410049317496e-01
9.352087078625533e-01
8.512006557424885e-01
9.033491298316745e-01
8.391878140082267e-01
7.496529701003749e-01
8.796261184639954e-01
8.156904848692017e-01
6.892640384210519e-01
8.489288445036880e-01
8.250439926302218e-01
8.925283336906719e-01
6.890762455010787e-01
6.835677138073579e-01
8.705725708970254e-01
6.769507921199627e-01
8.841798030411638e-01
7.962801348397718e-01
8.592355969194044e-01
8.422607414960550e-01
8.253700593841373e-01
7.555000638821761e-01
7.482659771025337e-01
6.717776977315796e-01
7.744061542257452e-01
6.613166621058807e-01
7.671672794325737e-01
8.433826144190397e-01
8.361836023575695e-01
8.186099489475785e-01
8.186099489475785e-01
6.913488206808749e-01
7.039245882582349e-01
6.991599066431341e-01
8.003081347763188e-01
8.866205384485630e-01
6.819654808883880e-01
8.173093534754309e-01
8.284130772901938e-01
7.267266771417289e-01
7.267266771417289e-01
7.229710316528507e-01
8.298943883886892e-01
7.918132182894724e-01
8.268413851830360e-01
7.648031363220190e-01
7.946470337333951e-01
7.938541067897923e-01
8.232318550774362e-01
7.976946538722625e-01
8.543373096937622e-01
8.466365069659993e-01
8.812891258545859e-01
7.783620154359268e-01
8.506811820717312e-01
8.286106566556628e-01
8.003537785504945e-01
7.985394818742385e-01
7.944048311809174e-01
8.421210011368744e-01
7.090405000848587e-01
7.152467134608799e-01
7.962912107904847e-01
7.962912107904847e-01
7.831599879805795e-01
9.097642919399136e-01
6.864281187928510e-01
9.390442918001662e-01
8.192907654449936e-01
9.158085035050580e-01
9.095033157268546e-01
9.218025113199513e-01
7.082280949742156e-01
7.924169072560947e-01
6.476532374175088e-01
7.467246624884104e-01
6.988615370622367e-01
8.581725445517948e-01
7.430985177190128e-01
7.365825359726755e-01
7.528322416719136e-01
7.528322416719136e-01
8.948759302557797e-01
8.817011741420655e-01
8.817011741420655e-01
8.794910102920076e-01
8.692423909204391e-01
7.432006066162579e-01
7.369396426667495e-01
7.347377609753373e-01
8.517024978503137e-01
8.517024978503137e-01
8.517024978503137e-01
7.415314954964600e-01
8.642968130472374e-01
8.362232756647868e-01
7.514259695593377e-01
7.442661710816026e-01
7.143748892908567e-01
6.992834679989358e-01
8.323348760928139e-01
8.240258793047667e-01
8.290881222234223e-01
8.321706312512117e-01
7.286837663086265e-01
8.071182216157891e-01
6.982264735298914e-01
7.938625122162133e-01
7.899365452172391e-01
7.502899193236893e-01
7.899365452172391e-01
8.695682410868998e-01
8.481596300042553e-01
8.481596300042553e-01
8.600955133738299e-01
6.439228234294908e-01
7.617668614643909e-01
9.508127279714785e-01
8.896879666162407e-01
7.289119348071099e-01
8.878897187807359e-01
8.878897187807359e-01
7.175340665029075e-01
6.963413651724389e-01
6.963413651724389e-01
8.466105688145792e-01
8.556634674839867e-01
7.995335713009682e-01
8.149678270255548e-01
6.914872825691890e-01
8.061580492219791e-01
7.023258131762514e-01
7.979188737947158e-01
7.639096505865106e-01
7.147582674859523e-01
7.328280856918215e-01
6.575790005632597e-01
6.575790005632597e-01
6.813444043394170e-01
7.171421760836197e-01
6.824037652321465e-01
6.937877441688188e-01
6.674296522671437e-01
6.983851562389227e-01
6.874847975266717e-01
6.637412649771016e-01
6.637412649771016e-01
6.562399230995394e-01
7.594692466208375e-01
7.721581709307127e-01
7.933681229783500e-01
7.611482328371258e-01
7.773467663205197e-01
7.773467663205197e-01
7.642490988177529e-01
7.412296686534661e-01
7.481454267622185e-01
7.577375674810335e-01
7.765893257216909e-01
8.057978056609848e-01
7.713097731992690e-01
7.358965660309422e-01
8.180493529223485e-01
6.925876314267547e-01
6.761576344461786e-01
7.716237264620066e-01
7.755013451033559e-01
7.160563437338493e-01
7.078784375810607e-01
6.694989377347758e-01
6.599369415937478e-01
6.834063447367739e-01
7.111993759964043e-01
7.527088470502876e-01
6.966736045934449e-01
7.343898807705772e-01
7.543813506602891e-01
7.626794667499830e-01
7.983725413110835e-01
7.492394132253934e-01
7.492394132253934e-01
7.159621137270169e-01
7.489600512014052e-01
7.165111337913850e-01
8.059708014892888e-01
7.623960980752718e-01
7.757356170995067e-01
7.680023892994025e-01
7.660659418374585e-01
7.453169685703290e-01
6.894570255641380e-01
6.894570255641380e-01
6.894570255641380e-01
8.944605233059016e-01
7.631032083822975e-01
9.077169484008467e-01
9.156236561702651e-01
7.823818980994774e-01
8.446941809714287e-01
7.256629435607302e-01
8.871494899259625e-01
6.398415932645420e-01
8.698291298543435e-01
8.511633968595490e-01
6.245901771536309e-01
8.774092331971318e-01
8.040637703889669e-01
8.058630017861163e-01
8.260398073757820e-01
6.808641577128919e-01
8.081896942670522e-01
8.103555444767557e-01
6.808641577128919e-01
8.675459159156317e-01
8.840804207515180e-01
8.205623765602589e-01
7.977134050126239e-01
7.977134050126239e-01
6.836255308831934e-01
7.153076125996771e-01
9.056158905620516e-01
9.265271618424462e-01
6.971347093833333e-01
9.006577901282015e-01
9.006577901282015e-01
7.325588284461665e-01
7.084321575175412e-01
7.797345887481302e-01
7.885569945034940e-01
7.707498191413953e-01
7.676420043109762e-01
7.847368517343932e-01
7.824580676333139e-01
7.909879785532250e-01
8.329483530037111e-01
8.561519753706859e-01
8.227138400609227e-01
8.338555434092566e-01
8.101683003580594e-01
8.553947084753876e-01
8.553947084753876e-01
8.554743137519694e-01
7.573109769284150e-01
6.991627795382023e-01
8.870471503035018e-01
9.041530376352932e-01
8.879648048001740e-01
9.134289392675782e-01
7.815137448213919e-01
7.881432542287123e-01
7.881432542287123e-01
9.660670091418654e-01
8.321738922826699e-01
7.609990311507093e-01
9.578532879936422e-01
7.823027085158144e-01
7.721416084445961e-01
9.334523387422354e-01
7.059855310909987e-01
9.218531862054711e-01
6.979797629096389e-01
7.406414428260832e-01
7.374226387344541e-01
7.450393501041658e-01
9.039958808703418e-01
6.724587760128595e-01
8.789450895283955e-01
7.218192892542533e-01
8.168323049973760e-01
7.210377363877174e-01
7.535621128253158e-01
9.738179554226417e-01
7.343227114735444e-01
8.308877900916745e-01
7.270058292191324e-01
7.939338783134622e-01
8.510314025299246e-01
8.195589808165388e-01
8.269241487461184e-01
7.572854367388810e-01
9.819268261301790e-01
9.747823705675656e-01
7.734925938627053e-01
8.847520578573883e-01
7.659769702661161e-01
7.600379703273448e-01
7.611157903842927e-01
7.358353467202765e-01
7.615728432946131e-01
8.372648514062546e-01
7.350673684157873e-01
7.527933835399377e-01
8.021102381334353e-01
8.535686725056457e-01
8.030920806745707e-01
7.476568501507777e-01
8.130817553895228e-01
7.602730652007476e-01
7.235669828300084e-01
7.215988921188810e-01
7.215988921188810e-01
8.258565309149964e-01
7.825098387725545e-01
8.515138826728000e-01
8.390670294560116e-01
8.355154762328004e-01
6.878952877631126e-01
6.919375503603783e-01
8.349526290876877e-01
6.185282373577476e-01
6.186611576166915e-01
8.876274088796237e-01
8.545449170779844e-01
8.545449170779844e-01
6.777258567210748e-01
8.931038854104604e-01
8.713916849448454e-01
8.881859000598878e-01
8.825136087434911e-01
8.992539892615306e-01
7.180247759064142e-01
7.439858538337788e-01
8.517436098907398e-01
8.489097792634710e-01
8.489097792634710e-01
8.470762182614894e-01
7.814880109845450e-01
7.892814618476321e-01
8.849378137640229e-01
8.815252287437946e-01
7.693900246062355e-01
7.492310955692529e-01
8.989030992733280e-01
7.512790784375152e-01
7.545131705455633e-01
8.839816689866389e-01
7.190950505607229e-01
9.391281356754403e-01
8.815087389656542e-01
6.562411563066136e-01
8.371333161962276e-01
8.450847514134091e-01
6.282414389666381e-01
8.423677075564519e-01
9.450087125350025e-01
6.526949645395080e-01
9.308185735074554e-01
6.455018398961370e-01
6.666134975989564e-01
6.666134975989564e-01
9.688260965339270e-01
9.073503933359899e-01
1.025130348538786e+00
7.035583667289552e-01
7.116749536557655e-01
1.029310363240951e+00
7.554200441543059e-01
8.753166558564988e-01
9.624559251955289e-01
9.704726080010228e-01
9.423088337906167e-01
8.471424087956970e-01
8.371378835222760e-01
9.951031570393146e-01
7.927269318233426e-01
1.056803575143224e+00
7.397222701083498e-01
8.506956714253322e-01
8.506956714253322e-01
7.188861433916713e-01
7.188861433916713e-01
7.226009804370641e-01
1.096601451344092e+00
7.238542373219786e-01
7.790380207306551e-01
7.535095348034376e-01
7.780060899198055e-01
7.627542637295439e-01
7.983174712239993e-01
8.461335680267199e-01
1.145480186761637e+00
8.748252826190679e-01
7.276548072363659e-01
7.355605270802309e-01
7.815405598167213e-01
7.830165961403607e-01
8.525110706237078e-01
1.027666740596482e+00
6.904740565146403e-01
6.593328890470735e-01
1.016982881778435e+00
1.021816657107739e+00
1.018274934226318e+00
9.622644712922044e-01
6.642878276504072e-01
6.637044450182030e-01
6.942294010811250e-01
9.045649805285149e-01
8.693988523124686e-01
7.587562778119251e-01
8.693988523124686e-01
8.967447980018581e-01
8.579657680965229e-01
8.735028734865592e-01
8.351299341652600e-01
8.264222134004844e-01
8.817587080465737e-01
8.469036130167391e-01
8.522701668675712e-01
7.372661554814360e-01
8.217349056684546e-01
7.547676653807727e-01
8.337470562669825e-01
7.605503225148147e-01
7.274395980368390e-01
7.521535916954541e-01
8.694716031768627e-01
8.694716031768627e-01
7.577891689509179e-01
7.641181542644963e-01
7.526689288598170e-01
8.606440913174200e-01
8.346150549734265e-01
8.418894749987034e-01
8.698135471132370e-01
8.938141323718894e-01
8.575154280938172e-01
8.516442739500679e-01
8.221240529179147e-01
8.221240529179147e-01
8.304870384953639e-01
8.304870384953639e-01
8.185776105807469e-01
8.585670531404971e-01
8.495133322584510e-01
8.971303844028438e-01
8.888280676408901e-01
7.897954939407528e-01
8.912517169820885e-01
7.738521491167484e-01
8.070036662001192e-01
8.849306409444844e-01
9.128763807291239e-01
8.964209899620235e-01
9.253548772328845e-01
9.253548772328845e-01
8.113583745322551e-01
8.203171788796514e-01
8.382761993475404e-01
8.746062723413082e-01
8.356349945333187e-01
8.833621121716640e-01
9.205485715801341e-01
9.531885534482293e-01
8.778735890667589e-01
8.577224796445537e-01
8.515119963928340e-01
8.242211722576769e-01
8.979656076322478e-01
8.865319398810514e-01
8.700539787497840e-01
8.574964846671170e-01
8.656994950871558e-01
8.690594162963334e-01
8.796969138719718e-01
9.688151576653039e-01
8.039236024497107e-01
8.619210801799267e-01
8.647806592852745e-01
8.400899576958220e-01
8.105443675807457e-01
8.717522150604199e-01
7.781097276788211e-01
7.679920026331587e-01
9.968518148130664e-01
7.795470515319710e-01
9.453352786549444e-01
8.988724287442913e-01
9.576721745688096e-01
8.178142491327248e-01
8.747140450464620e-01
8.206829421229993e-01
8.206829421229993e-01
8.494447757367283e-01
8.581012701643131e-01
8.807519249782392e-01
7.949170447646914e-01
8.219887706020006e-01
8.346174339743020e-01
8.266140152737762e-01
8.437466411045448e-01
7.965455986428165e-01
8.000609635789464e-01
9.185625935747352e-01
8.413704353071216e-01
7.584052026574016e-01
8.405956595908258e-01
8.405956595908258e-01
8.405956595908258e-01
8.275812153689105e-01
7.387226710620997e-01
8.436677075354759e-01
8.383240240629819e-01
8.383240240629819e-01
7.529256979231420e-01
8.059630520441813e-01
6.983138364159570e-01
8.524445249389492e-01
6.967341664217527e-01
6.959041680195064e-01
7.185720239603853e-01
8.479039149261277e-01
8.479039149261277e-01
7.270611733373568e-01
9.136969315663274e-01
9.122029114624167e-01
9.156263731851100e-01
9.263659779680543e-01
9.313779039993493e-01
7.417636632555302e-01
7.813144006934585e-01
7.657478090243509e-01
8.571687983527697e-01
8.571687983527697e-01
8.468888330648411e-01
9.380747038886654e-01
9.409182249571753e-01
8.906904155659173e-01
9.136881484812306e-01
9.549803202482807e-01
9.524907826608932e-01
9.524907826608932e-01
8.666000636918585e-01
9.627669941983171e-01
8.308317494257159e-01
7.618567165825580e-01
9.397326106726527e-01
8.885874144957707e-01
7.618567165825580e-01
7.618567165825580e-01
7.687881489523510e-01
7.591011164597061e-01
7.774294415461437e-01
7.774294415461437e-01
7.936887085049896e-01
7.936887085049896e-01
7.936887085049896e-01
9.042272582938350e-01
8.517981078403833e-01
7.776415506477187e-01
7.921029998076807e-01
7.239523725569675e-01
7.389114849243158e-01
6.666798623412452e-01
6.565302751152031e-01
6.791124644650298e-01
6.791124644650298e-01
8.962519725950000e-01
7.990325883982707e-01
7.990325883982707e-01
7.990325883982707e-01
8.100838353140998e-01
7.059225633152318e-01
8.187699503970844e-01
7.645453943909871e-01
7.589568044934054e-01
7.497305491836581e-01
7.789360533663926e-01
6.454778981329296e-01
7.175786787000994e-01
6.416376599204086e-01
7.783420617161687e-01
8.358267110733861e-01
7.479497412256383e-01
7.479497412256383e-01
7.224682864948865e-01
7.337874133716596e-01
7.105897626922361e-01
6.789113100864738e-01
9.561719650885923e-01
9.561719650885923e-01
7.049487738342929e-01
9.419875581168096e-01
7.464412289712118e-01
7.460874153031737e-01
7.338916011671113e-01
7.681989072710947e-01
7.490580269449109e-01
8.267045748188947e-01
7.556886896058781e-01
8.607758057885120e-01
7.726504092700661e-01
6.847665471739541e-01
8.194329577761780e-01
8.104339355140753e-01
8.124099400171804e-01
6.899016768812244e-01
7.974148873947309e-01
6.809528637725245e-01
6.806672991596571e-01
7.338207876077862e-01
7.752414555773403e-01
7.546513700132794e-01
7.482834568480866e-01
7.411514893995280e-01
7.717707401205759e-01
7.493349341633645e-01
7.332985302806148e-01
7.622169705486742e-01
6.849780035752081e-01
7.567111160066896e-01
8.064321154948106e-01
6.681170621679755e-01
6.861222852277523e-01
6.698710691322227e-01
6.737334810419705e-01
7.290773143432433e-01
8.005967376351849e-01
6.454694500714052e-01
6.923000618744456e-01
6.333224520890300e-01
7.399292568580560e-01
6.388664944016035e-01
6.256862606276768e-01
7.327961252986704e-01
6.587502970014949e-01
6.527871361427208e-01
7.449205914489581e-01
6.529228502984591e-01
7.565640001301187e-01
7.063054553260492e-01
7.795715885208722e-01
6.855596566484680e-01
6.807487021348105e-01
7.538218788758162e-01
6.840528339168402e-01
7.212763338690578e-01
7.142656045879255e-01
7.207843796379458e-01
7.475094383051269e-01
7.241117079152096e-01
7.230998420331515e-01
6.986369384609730e-01
7.077326561125619e-01
7.861735830819243e-01
7.061914774816024e-01
7.506468058279486e-01
7.780529267392663e-01
7.566513443104816e-01
7.560351289430415e-01
7.357047864317483e-01
7.357047864317483e-01
6.856097737167882e-01
8.756170689018252e-01
8.059194162095462e-01
8.179611758870876e-01
7.442021601919031e-01
8.043049293906014e-01
8.017043734457555e-01
7.905755014108390e-01
7.745079322237958e-01
7.781621546670271e-01
6.876415421678449e-01
6.328811507394223e-01
7.760659548961794e-01
6.253898354493009e-01
7.188422549767221e-01
6.270770359335774e-01
6.010464283176897e-01
5.925332838196431e-01
5.925332838196431e-01
7.720359563707051e-01
7.586958634390341e-01
5.777860978392523e-01
8.345255644172207e-01
8.306311212286331e-01
6.181830217004621e-01
7.831670140036096e-01
7.838789783862904e-01
7.897671843581218e-01
6.747272255457405e-01
7.245167396590163e-01
8.194749767854099e-01
8.319537913172663e-01
8.319537913172663e-01
7.287340249827594e-01
7.287340249827594e-01
6.581826478357756e-01
8.851036898092796e-01
6.779435970454174e-01
6.335337374926038e-01
8.753856979733036e-01
6.589709643237135e-01
8.626384913866004e-01
8.626384913866004e-01
6.584482003816131e-01
6.822325390926873e-01
8.466024736445278e-01
6.303004491006270e-01
6.368925443459723e-01
6.530979433799230e-01
6.396947306729701e-01
8.786963893782203e-01
8.888416865992272e-01
8.850069576700135e-01
6.246079141352803e-01
5.962525998094653e-01
8.920615852847148e-01
9.162154055729501e-01
9.162154055729501e-01
6.046694330226863e-01
6.036877935752162e-01
7.639383697185780e-01
6.216631774969974e-01
7.851601361356954e-01
9.386519066370578e-01
6.773421285221716e-01
9.559155735438866e-01
6.791102703048646e-01
6.791102703048646e-01
8.018688660238459e-01
9.516966024852959e-01
9.242159901851904e-01
7.923667252779792e-01
7.760574979339629e-01
8.826737930432274e-01
9.172164461623311e-01
7.776792931552705e-01
7.566070673734611e-01
9.164515405681275e-01
9.014225147129409e-01
9.013946282568821e-01
8.992231061817707e-01
6.953076636128432e-01
8.715402530226484e-01
8.715402530226484e-01
6.551950690320492e-01
6.551950690320492e-01
8.984908898764808e-01
6.822108662507564e-01
6.671273596980106e-01
6.014725117497602e-01
7.099992568097164e-01
7.288369999521116e-01
6.770757202125705e-01
6.688181817665112e-01
7.143567891436158e-01
7.008491141734097e-01
7.028504688322121e-01
7.374652700215898e-01
7.141139794906273e-01
7.334432613949942e-01
6.822576741097374e-01
6.951898619916507e-01
6.892416779773703e-01
6.987042740158783e-01
6.572879120014656e-01
6.623368492591780e-01
6.333623947564526e-01
6.291099442268890e-01
6.555627592373131e-01
7.015870435614965e-01
6.840058650077252e-01
6.482315684322625e-01
6.482315684322625e-01
7.222512128012873e-01
7.420482209423300e-01
7.015034209019111e-01
6.305577639510650e-01
8.756596529332167e-01
8.576734308717870e-01
7.418846425027060e-01
6.143858288548846e-01
6.819061185087352e-01
6.822663280461920e-01
8.365346781406867e-01
7.441219159043767e-01
6.614996784004292e-01
6.614996784004292e-01
7.457463318995928e-01
6.797894636787939e-01
7.366083292185381e-01
6.943508981486949e-01
8.420742016430310e-01
6.601377724427960e-01
8.492440299997595e-01
6.604968781839579e-01
6.604968781839579e-01
8.567133773330802e-01
8.567133773330802e-01
6.475561599392837e-01
6.452928639900685e-01
7.383985112365297e-01
7.535817056245102e-01
8.673551724955900e-01
6.547737701294775e-01
6.547737701294775e-01
8.708161796154769e-01
7.636360724239935e-01
6.911014619430370e-01
7.592126470562279e-01
7.592126470562279e-01
7.513629078811270e-01
7.985013808038227e-01
7.741877442587642e-01
7.306686358714986e-01
8.371810658155097e-01
7.715905124503856e-01
7.568619658723336e-01
7.604685614431357e-01
7.529477757748975e-01
8.468962223664258e-01
7.902090950026202e-01
7.535683275113644e-01
7.927881086399567e-01
7.927881086399567e-01
7.922416865952994e-01
7.922416865952994e-01
7.507671851963171e-01
7.903542411838528e-01
7.089228759776911e-01
7.758530272650279e-01
7.758530272650279e-01
7.900478538143064e-01
7.590932845261117e-01
8.127805889756714e-01
7.012471375971434e-01
7.307313872994373e-01
7.289843455858930e-01
6.954645111006124e-01
7.761728164807912e-01
7.176571662573388e-01
8.019672020822698e-01
8.076968546417087e-01
7.785526004524290e-01
8.414313605865716e-01
7.719943175311385e-01
7.903932327082456e-01
8.032879943461830e-01
8.048781774266692e-01
8.130004907399510e-01
7.881687348641939e-01
8.247360915083208e-01
7.010251002968693e-01
9.167141059849718e-01
9.142429840633132e-01
7.271538072157080e-01
7.271538072157080e-01
8.232333699269270e-01
7.164635255765509e-01
9.678547295458226e-01
7.540279118776650e-01
8.184933028900185e-01
6.986833706867420e-01
7.141301376374913e-01
7.183806895298563e-01
7.340919431866536e-01
8.382806413452498e-01
7.547400390558687e-01
8.682373409242492e-01
8.715196499080617e-01
8.645332729095627e-01
9.081730046048672e-01
7.210986986088743e-01
9.283092895788008e-01
7.828064130633285e-01
8.540509130506864e-01
8.448370319236127e-01
7.423747120079159e-01
7.353587068813484e-01
7.271877065837673e-01
8.579136112398243e-01
7.271877065837673e-01
8.048676750589949e-01
8.048676750589949e-01
7.991905300490185e-01
8.551458964390206e-01
8.491628712973538e-01
7.890551942832851e-01
7.566438686165643e-01
7.054945063461060e-01
7.010721462892991e-01
7.927467338705310e-01
7.146559195561764e-01
7.233266434894141e-01
9.444891222621646e-01
7.239815303545869e-01
7.349668087849022e-01
7.348038334929190e-01
7.469123971219274e-01
9.781714136049636e-01
9.781714136049636e-01
7.663358118191073e-01
7.825853511194777e-01
7.774765970862333e-01
1.009115483786461e+00
8.411906116159497e-01
8.837192862199885e-01
6.972649208270605e-01
6.970853027799544e-01
8.965874058065267e-01
9.129592825066403e-01
8.983818376667958e-01
8.676615754504603e-01
8.676615754504603e-01
6.496010045698222e-01
8.672627443950358e-01
6.465114388337723e-01
8.549439009586134e-01
7.955661291185205e-01
8.396802057147578e-01
8.196485822548635e-01
7.928958076689928e-01
7.383674410361671e-01
8.746821890140611e-01
8.746821890140611e-01
7.338673311572027e-01
8.722043589149666e-01
9.009194843046551e-01
7.383349978320568e-01
7.383349978320568e-01
7.088977535605656e-01
7.267445403536024e-01
7.175528710652828e-01
6.943023573666013e-01
7.259270515500639e-01
7.441038191729972e-01
7.345522120540060e-01
8.459444700554565e-01
8.459444700554565e-01
7.279891591928423e-01
8.459444700554565e-01
8.601796755289076e-01
6.717532842276650e-01
7.191700003730463e-01
7.191700003730463e-01
6.993909856349748e-01
7.508151917064496e-01
7.508151917064496e-01
7.648502595799477e-01
8.138163389252061e-01
6.591567593215026e-01
7.356845308045686e-01
7.217730330028876e-01
6.868397026675026e-01
6.872410860737774e-01
6.734518529744706e-01
7.424106399335808e-01
6.872383811932162e-01
6.859451834819666e-01
6.943912386516050e-01
6.943912386516050e-01
7.792990089711319e-01
7.452560832000930e-01
7.212050975318522e-01
7.452560832000930e-01
7.563111824138321e-01
7.912673294853965e-01
7.833069642610614e-01
7.628805046732039e-01
8.807649129481997e-01
6.468439832713604e-01
6.607592906520950e-01
6.607592906520950e-01
6.808417259779762e-01
6.808417259779762e-01
9.131132627908287e-01
8.894138834070973e-01
8.187528802262147e-01
9.018230889637594e-01
7.296904648131253e-01
7.296904648131253e-01
7.337067755740148e-01
7.334128749845497e-01
9.183598089721398e-01
8.665009488962965e-01
8.775063280690892e-01
8.249653188227746e-01
8.369283083091261e-01
8.369283083091261e-01
7.005232248093992e-01
6.906330749182079e-01
6.779427069331436e-01
8.534324669591635e-01
6.161760439790892e-01
6.072401291003242e-01
6.586886835824312e-01
8.562258789505872e-01
8.469600417450091e-01
8.472174115948616e-01
8.809918021138687e-01
8.809918021138687e-01
8.689927238772327e-01
7.757755185205175e-01
6.759775635211036e-01
6.562171429469920e-01
8.062865562025948e-01
6.411180761912417e-01
8.062865562025948e-01
8.264342063610511e-01
8.237830475196656e-01
6.367612006323351e-01
8.656243361479334e-01
8.656243361479334e-01
7.887793506009042e-01
8.707431165319542e-01
7.857925044312855e-01
7.698589736765743e-01
7.698589736765743e-01
9.322027140814320e-01
9.604352027047413e-01
9.435206568760947e-01
8.033206969261021e-01
9.496022274870476e-01
8.325311657733806e-01
8.128559422027520e-01
9.007735416991264e-01
7.351898412288459e-01
7.781588868191700e-01
7.938107022511454e-01
7.905790771353949e-01
7.886859445113308e-01
8.276759979777361e-01
7.785788861943287e-01
7.815369815136088e-01
7.677227822934147e-01
7.708114664690722e-01
7.854866922650553e-01
7.902165776302809e-01
8.198804344793650e-01
7.717113208190600e-01
7.741418229478565e-01
7.786562473733838e-01
7.648600929200320e-01
7.876718195519156e-01
6.956074764708327e-01
8.167001920487300e-01
8.163550112930484e-01
7.093278327952209e-01
7.965459734825112e-01
6.996547331884536e-01
6.660567679223628e-01
6.619027875518741e-01
6.718235661584396e-01
9.293417578918586e-01
7.665287985125248e-01
7.124506197027425e-01
8.600893789868914e-01
8.763649500600601e-01
7.109381089820829e-01
7.451235154548135e-01
7.562907323804662e-01
8.228391293651037e-01
7.944504485125108e-01
8.203386017120027e-01
7.501853990851780e-01
6.891647087645042e-01
7.336896589598788e-01
6.747714000895174e-01
6.737005440228873e-01
7.332711299569603e-01
7.001104334232207e-01
6.836558317130577e-01
6.806124800795650e-01
6.712842494253809e-01
6.557019861599468e-01
6.440364502172646e-01
7.992615659108322e-01
8.199664187558433e-01
6.767105059244595e-01
7.281391348257676e-01
7.209209597828006e-01
7.198108710498100e-01
7.209209597828006e-01
6.618820382099648e-01
8.109366142666389e-01
7.934031769136216e-01
7.287583912307642e-01
7.050409197620578e-01
7.429107413168665e-01
7.050409197620578e-01
6.942968084533434e-01
7.958694689114628e-01
7.303263566631144e-01
7.666989602320525e-01
8.513705911612606e-01
7.261792582312199e-01
8.991023499238107e-01
8.078817856277368e-01
7.081002740381330e-01
8.806622976967483e-01
7.454830463467506e-01
7.258150445308426e-01
7.266663057192727e-01
6.914743430443338e-01
6.894421206612797e-01
7.260655287483505e-01
8.551041005733427e-01
8.910941470188752e-01
8.910941470188752e-01
6.547642335202597e-01
8.105297326229451e-01
5.988035498485235e-01
6.972552140949442e-01
7.087956298699624e-01
6.845083824252995e-01
6.781849204953265e-01
7.541688975503458e-01
7.256145718328945e-01
7.123849603163085e-01
6.784287222384648e-01
7.408809429451544e-01
6.829826594103131e-01
7.321514716020991e-01
7.913656017668398e-01
7.724632612515502e-01
7.141054297115663e-01
8.442003281620374e-01
8.208539909870763e-01
8.257658401203271e-01
8.597216302790744e-01
8.241454234463738e-01
7.779503997200590e-01
8.883801702905326e-01
7.755579685469525e-01
8.883801702905326e-01
8.979285285392665e-01
9.013090744482091e-01
7.233466869563019e-01
7.253007798246836e-01
7.253007798246836e-01
9.046000952188702e-01
9.095943424446701e-01
7.859351060326568e-01
9.095943424446701e-01
9.008643909590336e-01
8.792887696107008e-01
7.906340750069394e-01
8.674546938588883e-01
7.973133316694465e-01
8.373590799001434e-01
7.537525423569508e-01
8.238034303538501e-01
7.883328685849036e-01
7.883328685849036e-01
7.770539973174082e-01
7.959585036363845e-01
7.900911547391493e-01
7.190124143967622e-01
7.649514578732476e-01
7.221148103910644e-01
8.079684303635691e-01
8.079684303635691e-01
8.258527885543142e-01
7.861906230482947e-01
8.785480366615029e-01
8.741879939077958e-01
8.913623382904969e-01
7.588648852638016e-01
8.737423520736570e-01
8.655980690297130e-01
6.460935224358898e-01
8.655980690297130e-01
8.563015406875282e-01
6.518405246259568e-01
8.553537369523340e-01
8.270551708853986e-01
8.270551708853986e-01
7.289947851750107e-01
7.493469457090616e-01
6.875337862670016e-01
7.444413231386730e-01
7.916160908584764e-01
7.916160908584764e-01
6.581249691974104e-01
7.754722353022757e-01
7.299418187130401e-01
7.748137217670520e-01
6.836929222676050e-01
7.185920089557147e-01
6.762899323540407e-01
6.797944676768900e-01
7.913981854842475e-01
7.760136760288779e-01
7.520618368258289e-01
7.192502686990963e-01
7.595773743782214e-01
7.247692450545632e-01
6.540082351589110e-01
6.619798437070685e-01
7.554036728018296e-01
6.519611549316426e-01
6.328695123656797e-01
7.957748784412266e-01
6.290817821186696e-01
7.159187120451292e-01
7.272036844372434e-01
7.349002690348010e-01
7.349002690348010e-01
7.349002690348010e-01
7.179556085752382e-01
7.309916883485685e-01
7.499645481231226e-01
7.531430789521089e-01
7.531430789521089e-01
7.993355574762033e-01
7.819880313534132e-01
8.171183217113530e-01
7.031381902208818e-01
7.031381902208818e-01
8.411152765120208e-01
8.364030008040236e-01
8.367025861200288e-01
8.367025861200288e-01
7.770544328197485e-01
8.255581909453746e-01
7.510808214059523e-01
8.176694122830656e-01
8.034417116083469e-01
7.942103025812319e-01
9.158145513106640e-01
8.539320210607938e-01
7.224830970626599e-01
7.630128076660899e-01
8.386148398989207e-01
7.663490076305873e-01
7.786195209740406e-01
8.628392446367097e-01
8.583175380346513e-01
7.312416063488358e-01
6.725638130615655e-01
8.290596244437221e-01
6.698189343850912e-01
8.339874072991882e-01
7.076525446443289e-01
7.525390756009807e-01
6.945716422944139e-01
7.091336568568897e-01
7.411105197102399e-01
7.568649858554585e-01
7.542953434449653e-01
7.659677172796536e-01
7.682075583807363e-01
6.843116318580243e-01
7.910680193142843e-01
7.632254360757429e-01
6.713211967561615e-01
7.588541748432193e-01
8.519210397423688e-01
7.530046398059548e-01
7.530046398059548e-01
8.396850134490839e-01
8.466311691980914e-01
7.849736474258843e-01
7.182461513528261e-01
7.003328140301003e-01
7.482857223951560e-01
7.851863626853142e-01
7.379362475617663e-01
7.743902680631630e-01
8.238165523716949e-01
8.212650194201235e-01
8.328629466763507e-01
7.379411254591679e-01
8.549542524265635e-01
8.480366739310697e-01
7.182550973575393e-01
7.552439073194269e-01
8.287268492710070e-01
8.540668646770408e-01
7.853794817651051e-01
8.561883651772264e-01
6.686562915635661e-01
8.712703791984155e-01
8.793077562738916e-01
7.892294420788305e-01
9.405184917990805e-01
9.334003371696831e-01
5.754281724758084e-01
5.551431323945520e-01
9.401859839506643e-01
6.661676892430407e-01
8.699016481247216e-01
8.724713564780283e-01
6.460485182901960e-01
9.044743884924618e-01
9.330682189841734e-01
6.387162909475457e-01
6.408819195081102e-01
6.371741907028630e-01
6.172968926267622e-01
6.172968926267622e-01
6.371741907028630e-01
8.573079670124580e-01
8.848122483794245e-01
6.371741907028630e-01
7.832928192020367e-01
6.344173321234160e-01
8.310020429686794e-01
8.805891746651473e-01
7.198924933345366e-01
8.822158961250081e-01
8.526535119794142e-01
8.526535119794142e-01
8.861345556313440e-01
8.962795321576711e-01
8.837583233860355e-01
9.002064383885976e-01
8.206631176233822e-01
7.238647175865750e-01
6.524819323342121e-01
7.703987373094858e-01
8.117775917157581e-01
8.042352314314425e-01
8.501215143141418e-01
7.245874244955052e-01
7.550753594341633e-01
8.368100177018832e-01
6.684649762063646e-01
9.034801535080195e-01
6.683767223570415e-01
6.591031443815295e-01
8.404654730067337e-01
8.420632132051444e-01
8.278971507021724e-01
8.088750124631762e-01
8.053559647192600e-01
7.642183613592376e-01
7.838629329523334e-01
8.516669233893414e-01
8.439673182397802e-01
8.717370132408042e-01
6.406710354913714e-01
7.349088560441767e-01
7.556609302831300e-01
7.536032684863421e-01
7.536032684863421e-01
6.802121089304924e-01
