5.735859402388604e-01
5.513758291811246e-01
5.382538910483531e-01
5.042710257555861e-01
5.055043611727651e-01
5.056278949305133e-01
5.056278949305133e-01
4.370709610565657e-01
5.155581568008415e-01
3.998643934552292e-01
4.674224986793498e-01
4.674224986793498e-01
4.462656839702182e-01
4.564636448972061e-01
3.702923265505194e-01
5.236699518356419e-01
3.674782553092794e-01
3.811337680463739e-01
4.176436582017397e-01
3.152515448335261e-01
3.748852980092682e-01
3.099645147763923e-01
4.387502845925326e-01
4.495226799638016e-01
3.904839445430643e-01
4.047945142210001e-01
4.907265268914011e-01
4.436741969068069e-01
3.917926612130205e-01
3.667738395976374e-01
4.186177611988585e-01
3.751800955548151e-01
3.660322372193300e-01
3.619611323540086e-01
3.553946311416653e-01
3.726257755616385e-01
3.759222686587566e-01
3.698161671364685e-01
4.081515346420704e-01
3.584000697409403e-01
3.677315749721809e-01
4.170209638261710e-01
4.312429012384099e-01
4.092818348786083e-01
3.703053889060134e-01
4.240697795684198e-01
4.164082683957295e-01
4.156147782389912e-01
3.739974714924971e-01
3.600319647087998e-01
3.673311634346569e-01
3.673311634346569e-01
4.077157402261748e-01
3.647970966387514e-01
4.104901723032459e-01
3.412755937849831e-01
4.464481650967590e-01
3.397413784581181e-01
3.678049119748419e-01
3.689545166486644e-01
4.020460156212695e-01
4.180799141203400e-01
4.728700464199345e-01
3.867847781911845e-01
4.373754813708001e-01
4.596255312651338e-01
4.469098966852669e-01
4.326091282770106e-01
4.649073134718690e-01
4.326091282770106e-01
4.686602293311473e-01
3.007150624701882e-01
4.640056011662952e-01
4.825581679196239e-01
4.983341147818971e-01
3.148799926830954e-01
4.963392151715458e-01
3.582351132860680e-01
2.908599942525179e-01
2.922925635463168e-01
5.029121150429995e-01
4.746982464853586e-01
4.746982464853586e-01
5.226302865705698e-01
5.258913849004717e-01
5.169839440423565e-01
5.357076155998987e-01
3.312447897531389e-01
3.338428986944974e-01
5.689269574757378e-01
5.689269574757378e-01
3.412432271289869e-01
5.799830153663978e-01
4.949267697344091e-01
4.949267697344091e-01
5.732309441858933e-01
3.323081266677194e-01
5.254016400895914e-01
4.703959939319249e-01
4.578177022691305e-01
5.073178095046665e-01
5.005261227018069e-01
4.691717166967221e-01
3.567035870624329e-01
4.921637064496913e-01
3.784046502015911e-01
4.155222445327617e-01
4.998289164359503e-01
4.251219034182341e-01
4.997668964740953e-01
3.860541553478002e-01
4.069101220235619e-01
4.936127688409627e-01
4.028794524512185e-01
4.105079412210110e-01
4.862171260460612e-01
4.248397168263409e-01
4.248397168263409e-01
4.451314180595187e-01
4.721750831975720e-01
4.513847845376902e-01
4.604201771113544e-01
4.302280819808859e-01
5.122178248186882e-01
5.122178248186882e-01
5.396699655933633e-01
4.440415228010756e-01
4.720908665575663e-01
5.717368169179804e-01
4.761192137230761e-01
4.540723751683063e-01
4.745699553353367e-01
5.528328206420540e-01
4.287524913393959e-01
3.857278539126811e-01
5.649005592057429e-01
3.968558000800583e-01
5.689876631272658e-01
4.451178399910398e-01
5.867803032166149e-01
4.263784349815116e-01
5.288623377400961e-01
4.955002648086744e-01
4.955002648086744e-01
4.386299710616074e-01
4.477971491018022e-01
4.840950128695906e-01
4.670035976111521e-01
4.805286493034825e-01
4.805286493034825e-01
5.248291611951572e-01
5.281864059874906e-01
4.769078707505915e-01
5.470324233430566e-01
4.477150288260218e-01
4.428002186652714e-01
4.580103137692464e-01
5.317478067000566e-01
4.515284101100392e-01
4.546877432243505e-01
4.959161885608458e-01
5.134072804474979e-01
5.053982719273167e-01
4.635903804253905e-01
4.702083633875461e-01
4.616054734830212e-01
4.472431106972307e-01
4.490834107859092e-01
4.432566534766392e-01
5.076361352592493e-01
4.107551700974352e-01
4.031150302501028e-01
4.079184789972610e-01
5.379910364995907e-01
5.010800196523699e-01
5.015376186534963e-01
5.058350478272357e-01
4.241663935205044e-01
4.033618570291705e-01
4.985364716295204e-01
4.963328432939189e-01
4.963328432939189e-01
4.336799054750701e-01
4.412569756795909e-01
4.168985320615186e-01
4.815895819360007e-01
4.640177182604036e-01
4.640177182604036e-01
4.975568604327219e-01
4.975568604327219e-01
3.906106342582618e-01
4.770211174007585e-01
4.855785426702794e-01
4.525163434438959e-01
4.508564507950726e-01
4.508564507950726e-01
5.815644033554200e-01
5.812035751774570e-01
5.647603591719321e-01
4.247614811246543e-01
5.214581101940172e-01
4.730942589121535e-01
4.879640817606034e-01
4.452350549549338e-01
5.038215818419772e-01
4.005035217375139e-01
4.046637080684992e-01
4.036479134566591e-01
4.067893110496907e-01
5.384376448198185e-01
4.846294990676135e-01
4.578952670288603e-01
4.560021376441116e-01
5.017860502262856e-01
4.704166654643510e-01
4.642416175167160e-01
4.474477827997660e-01
4.240153507244341e-01
4.474477827997660e-01
3.928886514736339e-01
3.695776480148560e-01
3.782727751329502e-01
3.840701106112990e-01
3.806869556094691e-01
3.806869556094691e-01
4.024175923455217e-01
3.893395274417285e-01
3.871979425938711e-01
3.906204593899624e-01
3.938549678909411e-01
3.785909082044909e-01
3.834797776152449e-01
4.026723367696012e-01
3.850926057107710e-01
3.924418098400013e-01
3.874974018037146e-01
4.576571223147285e-01
4.611246565003991e-01
4.836152041622129e-01
4.388729079350304e-01
4.906897306141203e-01
3.957443929202575e-01
4.480140610686013e-01
4.832422648775789e-01
4.355788054782230e-01
4.362764143034275e-01
4.349004016385801e-01
4.582860172416442e-01
4.575843150708825e-01
4.237518656307479e-01
4.628963598148130e-01
3.938516981421587e-01
3.755891968540065e-01
5.196471009372149e-01
4.339215464590008e-01
4.311397351847794e-01
4.311397351847794e-01
3.693245682982609e-01
5.213293261324635e-01
3.762984609278064e-01
5.381520562287488e-01
4.407599932299026e-01
5.119621094743503e-01
3.736382310483082e-01
3.736382310483082e-01
5.746168233626173e-01
5.749470168544270e-01
4.380904231472063e-01
3.926165118031207e-01
3.857942782342584e-01
4.604729550994081e-01
4.708558750823938e-01
3.820450175488956e-01
5.437378534820554e-01
4.675022755851486e-01
5.400852313537727e-01
5.557794149667614e-01
4.480205350668652e-01
4.551350634893487e-01
3.574940496609936e-01
5.560571978011881e-01
5.796930317009199e-01
3.916940633025667e-01
5.825947548765411e-01
3.983035660376817e-01
5.825947548765411e-01
3.736318528996574e-01
3.736318528996574e-01
3.588832528683449e-01
3.588832528683449e-01
5.633406647334888e-01
3.450314337093326e-01
3.743295029190791e-01
3.743295029190791e-01
3.341214889239634e-01
5.365733566316196e-01
3.341214889239634e-01
3.330274955260644e-01
5.323931209080082e-01
3.380094810406287e-01
4.783611362042176e-01
4.658989190363492e-01
3.475311850594474e-01
4.630064565471725e-01
3.385600803854581e-01
3.597108216757272e-01
4.852343803441286e-01
3.725375105912510e-01
3.725375105912510e-01
4.178928578692667e-01
4.063364085426011e-01
4.183628301813347e-01
4.835228840055020e-01
3.824978231914156e-01
3.484632806453091e-01
3.950691365017788e-01
4.881506019398614e-01
4.069692802851218e-01
4.983657638390285e-01
4.785959178948173e-01
4.201491736427116e-01
4.254032537414124e-01
4.104939808681529e-01
4.659253389220420e-01
4.659253389220420e-01
4.499991683492305e-01
4.532639818869182e-01
4.728616990237815e-01
4.200688787153037e-01
4.033848941101169e-01
3.450756262700936e-01
3.450756262700936e-01
4.523480547572430e-01
3.645232048217707e-01
4.036774724464336e-01
3.685058452137329e-01
3.627703352910964e-01
3.498750501872901e-01
3.550704773138394e-01
3.518294366053948e-01
4.021711320757649e-01
4.356856132240775e-01
4.014641196580767e-01
4.023795754010178e-01
3.402338868497767e-01
4.441099974663308e-01
4.293849802605247e-01
4.429174950880149e-01
3.727499339510962e-01
3.715025883030942e-01
3.777447506512374e-01
4.392494715373615e-01
4.085928001597967e-01
4.096055891701051e-01
4.001011430179659e-01
4.001011430179659e-01
4.414794349783057e-01
4.150582228539997e-01
4.041695350249025e-01
4.074765670108515e-01
3.713468860018919e-01
4.088349129015720e-01
3.993980647459375e-01
3.682250539570288e-01
3.868459457350524e-01
4.331208492924291e-01
4.302724211271378e-01
3.691266934200965e-01
3.636818699169781e-01
4.715864371587953e-01
4.715864371587953e-01
4.715864371587953e-01
4.417884014218759e-01
3.438019049204821e-01
4.330078943701675e-01
3.367819175350834e-01
5.052936529488526e-01
5.135159842915771e-01
4.807287727421869e-01
3.541263266808589e-01
5.071928077165651e-01
5.189837616720331e-01
3.730488983380772e-01
3.947013166627077e-01
3.768669245207384e-01
5.224096876104933e-01
3.777989727412898e-01
4.588749918050844e-01
4.688617082340787e-01
4.266640489072185e-01
3.723762195705032e-01
4.476050163392214e-01
3.798452288696162e-01
3.991205091893949e-01
4.076161422749788e-01
3.888095330051650e-01
5.591120288021925e-01
5.591120288021925e-01
4.079189795491797e-01
5.313724468522797e-01
4.817550684248468e-01
3.998886581988960e-01
3.998886581988960e-01
3.912960788822396e-01
3.863893668563717e-01
3.926287112404253e-01
3.956947703906945e-01
4.231906441577108e-01
4.695470659727092e-01
4.626896017284388e-01
4.247919058625391e-01
4.286836297077675e-01
4.618782507120546e-01
4.262061248464378e-01
4.434081262837919e-01
4.434081262837919e-01
4.252555613557777e-01
4.270058426861841e-01
4.434081262837919e-01
4.290994435824497e-01
5.162759355533646e-01
3.968405920116406e-01
4.131828235294829e-01
4.131828235294829e-01
5.294993822320553e-01
4.156300311996471e-01
4.447582647578283e-01
4.343733707389140e-01
4.317475359283565e-01
4.248630283350115e-01
4.694507276685980e-01
4.501195444561563e-01
4.724815793442485e-01
4.480926182773662e-01
4.553492687426524e-01
4.464501636549911e-01
4.503080052631187e-01
4.717934849817628e-01
4.160733079364095e-01
4.106305894526760e-01
3.983769287222607e-01
4.126902772810756e-01
3.952883327717812e-01
4.059111206909214e-01
4.164683942134154e-01
4.065075172080895e-01
3.666414421771845e-01
4.199946716871194e-01
4.162952475199385e-01
3.864552320224215e-01
4.105625842898704e-01
4.105625842898704e-01
4.058487453476577e-01
4.058487453476577e-01
4.048503921918465e-01
3.851828999204075e-01
3.655318862236743e-01
5.099538367406991e-01
5.099538367406991e-01
4.894139062571479e-01
4.165412457525725e-01
4.158903954546264e-01
4.070545644674633e-01
4.562884352378890e-01
3.928607588478389e-01
4.630162311177522e-01
4.213251066894385e-01
3.610131737586648e-01
4.678934423901870e-01
4.618736943681249e-01
4.618736943681249e-01
4.084074538383771e-01
4.082570868088338e-01
3.438139438149843e-01
3.478690650528160e-01
3.391885899739961e-01
3.173782641246833e-01
3.735400367303381e-01
3.894119102858477e-01
4.047576681568398e-01
3.548868306372968e-01
3.615086409429559e-01
3.540478117079442e-01
2.922983947416012e-01
3.007586183321977e-01
3.007586183321977e-01
4.127139830529251e-01
4.094336950789326e-01
3.673338858980771e-01
4.129886536915137e-01
3.990891891158517e-01
3.745688456472298e-01
3.126692726380371e-01
3.829035075384113e-01
3.686761021459022e-01
3.871159139524644e-01
3.664108397000173e-01
3.392132546237651e-01
3.397629306069069e-01
3.555568757783805e-01
3.657900552266292e-01
3.367353721835254e-01
4.111924946516054e-01
3.375866498742765e-01
3.795993718788345e-01
3.474523878503204e-01
3.859703422021810e-01
3.863820173825384e-01
3.904304618907417e-01
4.231686283581512e-01
3.456924942115111e-01
4.662085918774942e-01
3.689127484275993e-01
3.622650178201550e-01
4.624966300698824e-01
4.501669426015317e-01
3.715039220616378e-01
4.507370369670439e-01
4.356299545057056e-01
3.969257627420716e-01
4.580711316886255e-01
4.691135721323527e-01
3.303312461821674e-01
4.689366152001614e-01
3.276055341886777e-01
3.225122235546202e-01
4.149130982170445e-01
4.356472363875654e-01
3.366974019453500e-01
3.370125371894416e-01
3.232619012336996e-01
4.327149548213299e-01
5.224220089660114e-01
4.323564664986108e-01
4.486952782400755e-01
4.359054124820693e-01
3.907044510844858e-01
3.907044510844858e-01
4.311675626914805e-01
5.534497807223145e-01
3.858149180598949e-01
4.063650891125562e-01
4.442586356085416e-01
4.888633429353424e-01
4.281486618109792e-01
4.206331328724883e-01
4.105376257853510e-01
4.410625075194755e-01
5.782852205205026e-01
4.326412549981908e-01
3.880367494694330e-01
5.691494201741999e-01
5.691494201741999e-01
3.776187556187113e-01
5.376860544185045e-01
5.799359038883529e-01
4.863778745705470e-01
5.061339731049436e-01
3.697863934555266e-01
4.981073966792279e-01
3.703034217538538e-01
5.056865510255614e-01
3.658939771252083e-01
3.658939771252083e-01
5.089997633379381e-01
3.708947458627404e-01
4.465959334914271e-01
4.279552896559659e-01
4.410754804112013e-01
4.482564193828536e-01
4.522667704433244e-01
4.324110111772269e-01
3.726525741340167e-01
4.124223246418027e-01
4.124223246418027e-01
4.239503230910175e-01
4.083297593110770e-01
3.724020225705309e-01
3.998876726279826e-01
4.244007495706215e-01
3.674150440040702e-01
3.674150440040702e-01
3.853851557642917e-01
3.703007732405728e-01
5.093760780587641e-01
5.148945345158181e-01
5.118869150908666e-01
3.427937045733834e-01
4.915644324494422e-01
3.558993124985104e-01
4.380533842788981e-01
4.650735346879535e-01
3.907283180387538e-01
4.482103279043102e-01
4.432191017367046e-01
3.977670462830789e-01
3.977670462830789e-01
3.656049091309719e-01
4.107806134685941e-01
3.645808448974509e-01
4.210603685311949e-01
4.076490103556231e-01
4.394898236291949e-01
4.156551234612504e-01
3.710826246480839e-01
4.175864047432665e-01
3.822931006993739e-01
4.296278436512876e-01
4.069948955830252e-01
4.316856593584713e-01
3.178671775942570e-01
4.280109710507237e-01
4.233598419386845e-01
3.906372777341325e-01
3.483362764179141e-01
4.466084504630947e-01
4.667096820007756e-01
4.667096820007756e-01
4.414349131730119e-01
4.394779575367943e-01
5.017720452952648e-01
5.169181378448661e-01
4.851799596683394e-01
4.679452306880932e-01
3.757181944311482e-01
4.678137003335972e-01
4.722611451180416e-01
4.599464647237900e-01
4.618994925113763e-01
5.020897386423092e-01
5.073136794762022e-01
4.021170757938817e-01
3.937339523722953e-01
5.029267651401836e-01
3.569519287904791e-01
3.877895426454296e-01
4.233955394680511e-01
4.233955394680511e-01
3.575217199740596e-01
4.413649985586388e-01
4.384982114517968e-01
3.636418912151477e-01
3.763169124380186e-01
4.668579781574619e-01
4.203154711212742e-01
4.383616217911958e-01
3.453755019337910e-01
3.468959964959967e-01
3.508478362473478e-01
3.512273336339941e-01
3.921828538225130e-01
4.143126985313923e-01
4.650493643174954e-01
4.735569403770577e-01
4.151922614616894e-01
3.800091866117514e-01
3.894286704754073e-01
4.119639695058258e-01
4.863452873153150e-01
3.630623605438115e-01
3.630623605438115e-01
4.245317132047769e-01
4.990773761151940e-01
5.063146975423652e-01
5.063146975423652e-01
4.739840339441580e-01
4.882699005804689e-01
5.221619978235008e-01
5.125379593947599e-01
5.242297062040867e-01
4.662641747309993e-01
4.713190005790959e-01
4.696818658031076e-01
4.616605507501128e-01
4.616605507501128e-01
5.119368079078027e-01
3.618068384356696e-01
4.263343138978076e-01
5.118772207224508e-01
4.139768186217454e-01
4.930571515127735e-01
4.199528672655362e-01
3.961057201998757e-01
4.014015526706248e-01
3.940671342258594e-01
5.176099323738972e-01
4.064046414936875e-01
5.152289050620562e-01
4.349185909623377e-01
3.981264975514999e-01
4.349185909623377e-01
4.860167468710010e-01
4.242368334853324e-01
4.480808591328995e-01
4.553154767139866e-01
4.454029035537181e-01
4.140473641513739e-01
4.444477635137417e-01
4.070851031989532e-01
3.993938710087391e-01
3.993938710087391e-01
4.838796502914986e-01
3.855569822181783e-01
3.887487910214560e-01
5.001548847316521e-01
5.001548847316521e-01
5.001548847316521e-01
5.098694408840628e-01
4.001685951977594e-01
4.122121606037020e-01
4.122121606037020e-01
4.993212338767557e-01
5.002620656785423e-01
5.002620656785423e-01
5.020331134738277e-01
4.567749711288029e-01
4.567749711288029e-01
4.711155511454913e-01
4.739390690963519e-01
4.151348214719231e-01
4.023267901658207e-01
4.267255302443068e-01
4.039589492351734e-01
5.283456367233945e-01
5.283456367233945e-01
5.283456367233945e-01
3.928272162375785e-01
4.620000318274384e-01
5.525131239605447e-01
5.347592369418456e-01
5.347592369418456e-01
5.262101198134250e-01
5.262101198134250e-01
4.800108910181124e-01
4.914566528662300e-01
4.914566528662300e-01
5.857287916293430e-01
5.857287916293430e-01
3.606048657036379e-01
5.958526314532659e-01
3.604677804239569e-01
5.134003738082276e-01
3.661200483984698e-01
4.883564958965696e-01
4.764975684736455e-01
3.461180885306436e-01
4.818919188314356e-01
3.744574499139894e-01
4.820441666599923e-01
3.285202078929144e-01
4.225420159625750e-01
4.894465977831182e-01
3.610606729070243e-01
4.238561032971644e-01
4.755093335039461e-01
4.422355435257809e-01
4.506805646885929e-01
4.141332717997552e-01
4.092098331969548e-01
4.424998953997811e-01
4.328605051548034e-01
4.249128716529998e-01
4.627511214930858e-01
4.081684658030205e-01
4.032952787590016e-01
2.758761891924293e-01
4.958489690777348e-01
2.788107211229928e-01
4.123766747969193e-01
4.480734115806057e-01
4.480734115806057e-01
4.453597869938043e-01
4.738392311349512e-01
4.160272415693229e-01
4.738392311349512e-01
4.213255704528240e-01
4.019938586506184e-01
4.306340640978505e-01
2.927049043694746e-01
4.324302469086085e-01
2.889989092345771e-01
5.429138477642004e-01
5.430663230319340e-01
3.486247883935236e-01
4.255572261812904e-01
4.431303456821175e-01
4.262318087458575e-01
4.262318087458575e-01
4.374336021591454e-01
4.494799327546548e-01
4.307800814113726e-01
4.252773248660415e-01
4.194458128765152e-01
3.835864897184430e-01
4.254341673371825e-01
4.034297251012558e-01
4.036310478593605e-01
3.940177538037393e-01
5.066646396076372e-01
3.998693758535638e-01
4.152548378338951e-01
5.480204536727300e-01
5.238294277256503e-01
4.763433073429424e-01
3.527362681052456e-01
4.526421819975108e-01
4.236890701213961e-01
4.236890701213961e-01
4.743043005549037e-01
4.044415801093221e-01
4.151739680780273e-01
3.942797433350763e-01
3.663518533990719e-01
3.891435352701800e-01
3.966986636212881e-01
3.661937392406864e-01
3.661937392406864e-01
4.253496170142368e-01
4.260508071056485e-01
4.530209970832745e-01
4.550992219353484e-01
3.795768508943280e-01
3.795768508943280e-01
3.675209897482026e-01
5.253954887648221e-01
3.675209897482026e-01
4.867245541528853e-01
5.504486026579134e-01
3.054257227097769e-01
3.252974035582658e-01
4.921805133939307e-01
4.768510095087817e-01
5.010322916957632e-01
4.710966389942424e-01
4.711941409815309e-01
4.482112098772418e-01
4.560350586794077e-01
4.665774219190598e-01
4.308588761115822e-01
4.612319866704501e-01
4.612319866704501e-01
4.308588761115822e-01
4.533301981666225e-01
4.684290540954683e-01
4.915558831031878e-01
4.496562060894960e-01
4.327535413607645e-01
4.052190272215677e-01
4.932714919707306e-01
4.005102238630300e-01
4.000365113200907e-01
3.980452607611336e-01
4.377586897465671e-01
4.092311597320609e-01
4.123778463840426e-01
3.766022702270541e-01
3.937360888086890e-01
4.890946524950401e-01
4.559959556017019e-01
4.021670324762223e-01
4.565243220989854e-01
4.665580591205257e-01
4.446709299174727e-01
3.824124295684881e-01
4.016725503335482e-01
3.886846588152230e-01
3.788348110797498e-01
4.693825685098007e-01
3.905944881595077e-01
3.816632012804717e-01
4.902299050741711e-01
3.573738292109186e-01
4.802807363859813e-01
4.802807363859813e-01
3.695514231650502e-01
3.915315034978653e-01
4.533390488107910e-01
3.937361916251434e-01
4.038235889330882e-01
4.041568960606495e-01
4.280609775301275e-01
3.971235438408053e-01
4.080598673453545e-01
3.718259313494409e-01
4.394386191691321e-01
4.394386191691321e-01
4.458623640607636e-01
4.390367191706737e-01
3.799557477837635e-01
3.866707787371201e-01
4.027368025579934e-01
4.027368025579934e-01
4.171594505251903e-01
3.881056554104098e-01
4.252629690748108e-01
4.795477141947136e-01
3.671370265830241e-01
3.792604732921842e-01
4.658397498642418e-01
4.814066985586705e-01
4.522918637076369e-01
3.978195815261283e-01
4.049260206395346e-01
4.855917616943689e-01
4.141933098407942e-01
4.232913306720076e-01
3.418698623827198e-01
3.418698623827198e-01
3.695667445146171e-01
4.265653526201583e-01
4.185103203896850e-01
4.500093654163447e-01
4.444415383460618e-01
4.253396215753066e-01
4.944066482804762e-01
4.925689249187298e-01
3.531305569742302e-01
5.117850258367426e-01
3.939786170090851e-01
3.632260664334768e-01
5.220459941769872e-01
4.231504616066821e-01
4.120146672547971e-01
4.156009847502438e-01
3.958391518619974e-01
5.350142060857359e-01
4.722852644452269e-01
4.801950233329335e-01
5.497651670719567e-01
4.478327406408198e-01
5.058802863420273e-01
5.105150761526698e-01
5.145086904047560e-01
5.114221332570474e-01
5.076321498522955e-01
5.076321498522955e-01
5.076321498522955e-01
5.085492176569799e-01
4.263260270982588e-01
5.571316263068671e-01
4.343761204805914e-01
4.153230242692019e-01
4.091042324440617e-01
3.871469567521197e-01
3.871469567521197e-01
5.262518453068511e-01
5.198908143038621e-01
4.894755864007420e-01
4.258518026974843e-01
3.968872548445234e-01
4.758826694550058e-01
4.337232077878142e-01
4.445386809702175e-01
4.491529333398414e-01
4.491529333398414e-01
3.829207436384289e-01
4.177910072086562e-01
3.850310211549922e-01
3.461953507308687e-01
3.904956784087488e-01
3.904956784087488e-01
3.944414431486184e-01
3.730522825379033e-01
3.658740119937586e-01
3.658740119937586e-01
3.485195162291145e-01
3.485195162291145e-01
2.999249264209752e-01
3.984977888010959e-01
3.501558179034447e-01
3.501558179034447e-01
3.627639538413047e-01
3.661084234449117e-01
3.369153536361102e-01
2.813186384804520e-01
3.093162580995339e-01
4.812560657002348e-01
4.677903073280099e-01
4.894210906282381e-01
3.324342522899873e-01
3.063651960527986e-01
3.100162409232299e-01
3.968595186438248e-01
3.473288148744605e-01
3.618986210414852e-01
3.495994254483886e-01
3.509133907901282e-01
4.108594726140042e-01
4.062870093037130e-01
4.167987553640239e-01
3.992519183679124e-01
4.326372999316664e-01
4.176720274218816e-01
4.067284533292894e-01
4.139025084247537e-01
4.139025084247537e-01
3.844228416854986e-01
3.671244325101329e-01
3.671244325101329e-01
3.776848750011498e-01
3.862497777036736e-01
3.903567277233494e-01
3.914554638107060e-01
3.769437047478388e-01
3.846709186156288e-01
3.846709186156288e-01
3.846709186156288e-01
3.803051455483424e-01
3.848777641802028e-01
4.268348890023536e-01
3.898911633143133e-01
3.813934902934558e-01
4.021296526373020e-01
3.665236912576811e-01
4.220045362356185e-01
4.221630264713717e-01
4.220856594091109e-01
4.779111713620228e-01
3.706694901639257e-01
5.011077146056930e-01
4.119132236400559e-01
5.120397195248942e-01
4.614562443605372e-01
3.986700572607140e-01
5.049852700376462e-01
3.682434989494662e-01
3.875619548420253e-01
3.875619548420253e-01
3.692800073352035e-01
4.368928905578338e-01
5.451004889003770e-01
3.611338371538606e-01
3.611338371538606e-01
5.239494729170789e-01
3.890565765395353e-01
3.890565765395353e-01
5.350363601824223e-01
5.305007389793501e-01
5.305007389793501e-01
4.176558556238331e-01
4.086029569544256e-01
4.854137798696586e-01
4.086029569544256e-01
4.946980039821258e-01
3.967255392787128e-01
4.954006527291995e-01
4.475887389893060e-01
4.815979621975112e-01
5.307493452980696e-01
4.834756031456780e-01
4.712582477995974e-01
4.712582477995974e-01
5.155318150692769e-01
4.697452294622181e-01
5.197194623994282e-01
5.083354834627559e-01
4.993272775483615e-01
4.601735692459597e-01
5.354886639245386e-01
5.592321964741088e-01
5.592321964741088e-01
5.689309759588341e-01
5.077813866873899e-01
5.092385709582598e-01
4.802421750513852e-01
4.903651865554090e-01
4.497941481420775e-01
4.131366892586372e-01
4.218254156991069e-01
4.364597466307138e-01
4.361639515566889e-01
4.319767142299498e-01
4.057405305744492e-01
3.828225809028540e-01
4.372147561806386e-01
4.726279633489655e-01
3.312253594957577e-01
4.906831286380117e-01
4.908106624463944e-01
5.081890508241981e-01
4.961441526512481e-01
4.752891678763925e-01
4.514661094254043e-01
4.514661094254043e-01
6.011265325981267e-01
5.061745358215854e-01
3.678729178956101e-01
5.117103243424552e-01
3.681537303745891e-01
5.197373079478451e-01
5.269715336526301e-01
4.423310498936858e-01
4.824898598585699e-01
4.401036270738066e-01
4.401036270738066e-01
4.416643238553954e-01
3.738098460677274e-01
4.079358476203421e-01
4.359727380117480e-01
4.863611101273943e-01
4.493492114830788e-01
4.127731082111690e-01
4.424925301364298e-01
4.248354446625330e-01
4.324638988025556e-01
4.324638988025556e-01
4.324638988025556e-01
4.044039388571118e-01
3.891784000281512e-01
4.061876091799845e-01
4.028965772907981e-01
3.739937870880394e-01
3.746690144682514e-01
4.212457227204281e-01
4.749720095646718e-01
4.334225287038775e-01
4.709547722579184e-01
4.478796301190590e-01
4.883353459492475e-01
4.031153231281520e-01
4.356498221413714e-01
4.342949404560486e-01
4.251144510247045e-01
4.795462256848353e-01
3.559588052301234e-01
3.452273165751734e-01
5.297750565699989e-01
4.548218137770317e-01
3.871234493695047e-01
4.142548588762712e-01
4.561093364278906e-01
4.561093364278906e-01
5.128620649127159e-01
4.811799831962323e-01
3.789603122976742e-01
3.656311736029906e-01
4.847968606588574e-01
3.822208103186516e-01
3.822208103186516e-01
5.023507874248279e-01
4.409739562453670e-01
4.109680663272551e-01
4.303361688613618e-01
4.303361688613618e-01
4.335044531096086e-01
4.179770256653507e-01
3.701142938996126e-01
3.683474739700976e-01
3.562651439565012e-01
3.688779422024993e-01
3.755557602043093e-01
4.207701326576278e-01
3.966593505992833e-01
4.134425300749340e-01
4.137205548898735e-01
4.491744214129997e-01
4.510689231898539e-01
4.734657962061519e-01
4.491744214129997e-01
4.558227910176242e-01
4.118948619177901e-01
3.829204974417807e-01
4.370835916369593e-01
4.188536171266072e-01
4.188536171266072e-01
4.609159114255610e-01
3.780257642535305e-01
3.926212318721950e-01
4.637350654850969e-01
4.059991034598472e-01
4.191283532292837e-01
5.271092187688328e-01
4.583514198194950e-01
5.439266489223308e-01
4.466996722990986e-01
3.435094108899807e-01
3.392933474231480e-01
3.464578614666692e-01
5.974318676886905e-01
4.783868583566474e-01
6.061888041244701e-01
3.174087895203149e-01
5.150475758521621e-01
3.772540255512105e-01
3.638443157051489e-01
5.396308061981735e-01
3.699825472297403e-01
5.236569273792583e-01
3.676437747542876e-01
3.603558025994661e-01
3.872038473149642e-01
4.206189022713653e-01
4.164937015585565e-01
5.313069217520898e-01
4.315856583219039e-01
4.389868517908000e-01
3.992604106827337e-01
4.787435058851898e-01
4.744530476082008e-01
4.729025566150387e-01
4.536419112686327e-01
4.692500960005282e-01
4.237723547524693e-01
5.253602296442689e-01
4.526544712643454e-01
4.464815845792208e-01
5.253602296442689e-01
4.739017952720587e-01
4.644194558757310e-01
4.908534164718710e-01
4.702009947157202e-01
4.168900835594834e-01
4.616432842737899e-01
4.736492974086352e-01
4.736492974086352e-01
4.548662426186274e-01
4.569178571063754e-01
4.744652161571867e-01
4.744652161571867e-01
4.790031079368746e-01
4.143682906951737e-01
4.103260280979080e-01
4.644454203772919e-01
4.113656948770981e-01
3.829631767122953e-01
3.184299558572957e-01
4.273443949619848e-01
4.273443949619848e-01
4.041672445719485e-01
3.667431736574013e-01
4.285635632958224e-01
3.681404752864240e-01
3.671424540693133e-01
3.678320924504526e-01
3.850165610372362e-01
4.157824946554106e-01
4.305174923157878e-01
4.428281127077516e-01
4.428281127077516e-01
5.124782392651808e-01
4.285768372707844e-01
4.207833864076972e-01
5.065565771559171e-01
5.099691621761453e-01
3.984844027417264e-01
4.232861534908718e-01
4.981338710738512e-01
4.810865763579484e-01
4.741646531103008e-01
4.713611559680344e-01
4.405081743989567e-01
3.265870061903441e-01
4.834861357407778e-01
5.058546125862248e-01
4.834861357407778e-01
4.447133651577955e-01
4.637389008965836e-01
4.094657796970578e-01
4.283303742045971e-01
4.464920663248739e-01
4.690128937024059e-01
5.021707799475649e-01
5.119362587243457e-01
5.119362587243457e-01
3.929265031977852e-01
4.264814658641090e-01
3.844441944559283e-01
5.099674884058679e-01
5.074034810597539e-01
4.255484714208363e-01
4.800453807757808e-01
4.002182628113263e-01
3.904079904887253e-01
3.823913076832315e-01
3.949426097772867e-01
3.801878235896493e-01
3.897015882822822e-01
4.098468147279545e-01
4.409833669349251e-01
4.030625467879065e-01
4.523573011742940e-01
3.582985446654613e-01
4.124318927974208e-01
4.028437830351048e-01
4.028437830351048e-01
4.000756715669497e-01
3.686689144820411e-01
3.984634007449106e-01
3.852408790940710e-01
3.940091972119574e-01
3.852408790940710e-01
3.970471313422133e-01
4.295560329677587e-01
3.841761738623731e-01
3.849847290497259e-01
3.615278905816696e-01
4.412396422963193e-01
4.424224956261916e-01
4.414199900700441e-01
4.584006123194933e-01
4.109974021960446e-01
3.480846171362810e-01
4.253586003114715e-01
4.491999209392160e-01
3.319628759615763e-01
3.343791637644790e-01
3.437541224025679e-01
3.814771906402690e-01
4.462948466724672e-01
4.441092900897851e-01
4.468243431110313e-01
4.013644740042391e-01
3.998262383324634e-01
3.810814230673369e-01
4.207181001350584e-01
3.916307433230562e-01
4.599973970772216e-01
4.551475173501276e-01
3.795615882397523e-01
4.515788933252117e-01
4.457573080651694e-01
3.664394345260962e-01
4.172510377205216e-01
4.057689472510287e-01
4.957005663217983e-01
3.658321888133726e-01
4.965733304974564e-01
4.667396198048498e-01
4.731775232720432e-01
4.682382053632804e-01
3.304351830118128e-01
3.304351830118128e-01
4.698872323905865e-01
4.694305119112080e-01
4.604775529943644e-01
3.591299880150289e-01
4.658280394531268e-01
3.523824687297578e-01
4.658280394531268e-01
4.418274541944743e-01
4.781261584725466e-01
4.747361369932311e-01
3.899055476230770e-01
3.899055476230770e-01
4.186266967773452e-01
4.186266967773452e-01
3.704045988368494e-01
3.616040494206495e-01
3.892767875286192e-01
4.298746500998676e-01
4.099510038436635e-01
3.279561564717600e-01
4.075273545024650e-01
3.672556106761510e-01
3.913617251396937e-01
3.377452276616726e-01
4.093924225199957e-01
3.387841094236788e-01
3.387841094236788e-01
3.187088671138923e-01
3.924542979573059e-01
4.465922623199832e-01
3.297466221920370e-01
2.936096653736938e-01
3.177142350349041e-01
3.020172720301289e-01
4.384786335637027e-01
4.336449084768917e-01
4.191114590574425e-01
4.086914962352633e-01
4.149019794869830e-01
4.600237285259197e-01
3.057707961685698e-01
3.290444858920611e-01
3.362817153660426e-01
3.488392094487096e-01
4.639729389029829e-01
3.565613591783847e-01
4.602091312313882e-01
4.418572907343625e-01
4.722161702451542e-01
3.867250490769427e-01
3.853821638458075e-01
4.100728654352601e-01
4.500602186310108e-01
4.571577833439849e-01
4.462325941679199e-01
4.638761569374216e-01
4.612539452341732e-01
3.975840086569376e-01
4.621351471664094e-01
5.440235387535615e-01
4.220529854944988e-01
4.049566450390545e-01
5.446348045747721e-01
4.020879520487800e-01
4.592216912033730e-01
4.403099724675879e-01
4.399184707480981e-01
4.785630495865935e-01
5.286922824267866e-01
3.622849699821441e-01
3.647262777680151e-01
5.597795297034147e-01
5.605813452571192e-01
4.039428696889567e-01
4.004275047528268e-01
4.920315079399134e-01
4.934137608922227e-01
3.682234020354456e-01
4.749446224504512e-01
4.371712218360298e-01
4.371712218360298e-01
5.250177621493921e-01
3.623679263496388e-01
5.140551584242888e-01
5.084124538088535e-01
4.523807470128632e-01
4.001653086519296e-01
4.831534415501371e-01
3.756557120376179e-01
4.101039348180491e-01
4.064439916379064e-01
4.163275159443487e-01
3.893755147186423e-01
4.130724016269339e-01
4.130724016269339e-01
4.423937594190652e-01
3.725407150332947e-01
3.754567702390094e-01
3.774778814164300e-01
3.616779056919934e-01
3.074330284060961e-01
4.245321200018394e-01
4.245321200018394e-01
4.245321200018394e-01
3.933878912800302e-01
3.933878912800302e-01
3.966470031849763e-01
3.538016500402365e-01
3.325136152023563e-01
4.361443362893098e-01
4.618198648699003e-01
3.711004901778914e-01
3.735900277652791e-01
3.735900277652791e-01
4.160091713910894e-01
3.680952227141949e-01
4.532318690527922e-01
4.611737458317011e-01
4.178326049291531e-01
3.826770252485920e-01
4.611737458317011e-01
4.659980630397701e-01
4.033241611115794e-01
3.950046870508581e-01
4.120241942663090e-01
4.120241942663090e-01
5.218940147754941e-01
5.218940147754941e-01
5.218940147754941e-01
3.492701588985246e-01
4.257615879979368e-01
4.714298535052471e-01
4.508441567004026e-01
3.802994207500647e-01
4.840857422738828e-01
3.894852088916366e-01
3.984593623492370e-01
3.758771729994103e-01
3.758771729994103e-01
3.932514272469251e-01
4.992092588106624e-01
4.992092588106624e-01
4.992092588106624e-01
4.538076614569724e-01
4.335189099197614e-01
4.298114930892801e-01
4.298114930892801e-01
4.363098665697447e-01
4.363098665697447e-01
4.071043623870103e-01
4.885275916006820e-01
4.172936147362724e-01
5.392499498601431e-01
4.242528566731319e-01
4.033012092503782e-01
4.523334862546163e-01
4.827975859119094e-01
5.021643187312698e-01
4.839538123615215e-01
4.511064245297017e-01
4.014292585713592e-01
3.561983694726260e-01
3.561983694726260e-01
5.177020031181057e-01
3.561983694726260e-01
4.431752146890766e-01
4.881899705892161e-01
3.988800360605056e-01
4.001843675249162e-01
3.726735594702059e-01
3.636296417218010e-01
3.760142969026494e-01
3.688632127820769e-01
3.415898714420780e-01
4.433798205029251e-01
3.728340484926508e-01
3.841841583249644e-01
3.265172736129274e-01
4.732481143790723e-01
3.277428100496468e-01
4.608715788455257e-01
4.663754594651887e-01
4.390168777604775e-01
3.674903160275763e-01
4.106198686519607e-01
4.094301498036320e-01
4.246321451942683e-01
4.246321451942683e-01
5.019822940963170e-01
3.881373243284985e-01
4.261653414346494e-01
4.003362201930840e-01
4.409229236192829e-01
4.091205462270436e-01
3.814237820875783e-01
3.659965571573103e-01
3.640241547531158e-01
3.609753799610533e-01
4.312491496669250e-01
4.258893133333076e-01
3.623979681712071e-01
4.841941081295233e-01
3.418943551498804e-01
4.822760282627975e-01
3.319077703433687e-01
4.524780427976979e-01
4.527685386189300e-01
3.255785320337742e-01
4.418384458025960e-01
4.486906941112468e-01
3.156314129305490e-01
4.241114219117322e-01
4.375810042580556e-01
4.236485915926421e-01
3.165164075673365e-01
4.734730900189797e-01
3.833454447234661e-01
4.575203404567522e-01
4.202968405045347e-01
4.137828281551460e-01
3.907837783565719e-01
3.729198790412498e-01
3.974428707500953e-01
3.948283068338841e-01
4.283243203156438e-01
3.866759702979605e-01
3.583955094920298e-01
4.001914348131169e-01
4.638590994463011e-01
3.687430196475467e-01
4.554815472224577e-01
4.566805583426853e-01
4.554168066490734e-01
5.164178834862470e-01
5.164178834862470e-01
3.633088642022652e-01
4.039356488443973e-01
4.039356488443973e-01
4.129306627063297e-01
4.119704591800075e-01
4.083452557680089e-01
4.115351759302152e-01
4.268046667118979e-01
4.408903035620625e-01
4.084793463796413e-01
4.084793463796413e-01
4.274591173621611e-01
4.299762843972184e-01
3.994029637141731e-01
4.444607067791964e-01
4.343486845516440e-01
4.428618290496906e-01
4.959461018779600e-01
4.566755832180043e-01
3.950197147892672e-01
5.145898044048216e-01
3.650419459098745e-01
3.987042800560511e-01
4.376698597051026e-01
4.440553939993417e-01
4.423291905428305e-01
4.291949647267610e-01
4.437625884133426e-01
3.705680766027367e-01
3.666981333708069e-01
2.895380615729022e-01
2.950833679280477e-01
4.113743064299905e-01
4.113743064299905e-01
3.888831394780938e-01
3.020583937005640e-01
3.418734546750035e-01
3.639562121685128e-01
3.098205451266007e-01
3.060339548221692e-01
3.225677517133039e-01
3.225677517133039e-01
4.759638632897323e-01
4.521795245786582e-01
4.627045008460141e-01
4.972982838686827e-01
4.907061886233374e-01
3.769176586631162e-01
3.706942601719652e-01
4.709669948730146e-01
4.860739719138045e-01
4.959061828033086e-01
3.919230613691644e-01
4.187908766847735e-01
4.917857455195035e-01
4.818932463024468e-01
4.818932463024468e-01
4.492053205516586e-01
4.511690764669160e-01
3.645941951572917e-01
4.511690764669160e-01
3.787953943976337e-01
5.062513605669579e-01
4.193122341905671e-01
4.864385009050860e-01
4.482883843029600e-01
4.482883843029600e-01
3.275560995951255e-01
4.241008731524022e-01
4.515814854525077e-01
3.462269253276932e-01
5.274291787178027e-01
5.524569165556477e-01
5.109423867120598e-01
5.534102243663539e-01
5.534102243663539e-01
5.181238519037928e-01
5.331528777589796e-01
5.331807642150383e-01
5.265607119679154e-01
4.113868612633360e-01
5.704252941739579e-01
5.704252941739579e-01
6.057280752021035e-01
6.057280752021035e-01
5.562438691864137e-01
4.747812363910970e-01
4.898647429438428e-01
5.255882924693963e-01
6.400591667820935e-01
4.885879852537676e-01
6.429262518619226e-01
6.444670807671661e-01
3.834510960221591e-01
5.360592600736680e-01
5.421475285700964e-01
5.153084663505655e-01
5.364556132746003e-01
5.364556132746003e-01
4.181028800053722e-01
4.051280274833890e-01
3.857339609798051e-01
5.167052464538764e-01
4.850989005008280e-01
4.410445748331880e-01
3.547821068819677e-01
3.492265601287435e-01
4.363226220437751e-01
3.492265601287435e-01
3.856072300589872e-01
4.560047950824375e-01
4.560047950824375e-01
4.017924437599522e-01
3.819954356189095e-01
4.080418710500526e-01
4.967424817305800e-01
4.399096539107539e-01
4.501609185464052e-01
4.492516004594487e-01
4.757995482377799e-01
4.737973899468026e-01
4.764827312182232e-01
4.643730200738252e-01
5.052516104102933e-01
4.801498354125121e-01
4.801498354125121e-01
5.600233729149392e-01
3.100735991798756e-01
5.675384625673908e-01
5.575419381330395e-01
4.923530925575114e-01
3.631150446961859e-01
4.900609831932000e-01
3.628470339017805e-01
3.628470339017805e-01
5.034835560556167e-01
5.034835560556167e-01
5.561427647778123e-01
4.225686657738048e-01
5.148513917230152e-01
5.148513917230152e-01
4.770162624699513e-01
4.173938903251294e-01
5.011316214905182e-01
4.599786540613717e-01
4.389508505084208e-01
5.355615019352408e-01
4.808275752667390e-01
4.808275752667390e-01
5.098117061039557e-01
4.945400981287356e-01
5.188537346737940e-01
5.599615424751496e-01
5.016238919343198e-01
5.922733019634487e-01
6.009318902995652e-01
5.981219547775497e-01
5.920254520069848e-01
5.138956204471580e-01
5.885707708103047e-01
5.798458229131525e-01
5.406260417845602e-01
4.923351319778055e-01
5.210141299465567e-01
5.210141299465567e-01
5.770438322812784e-01
5.111035989720951e-01
5.208972648895650e-01
5.018031413655660e-01
5.018031413655660e-01
4.892330181273856e-01
4.970776266782443e-01
4.605514686907917e-01
5.200845765960468e-01
5.114795418658896e-01
5.150144713763770e-01
4.789315452637126e-01
4.876207779320419e-01
4.918065251274956e-01
5.017124775345797e-01
5.024349664547590e-01
5.127493261187702e-01
4.897367063623171e-01
4.110283521810211e-01
5.413872031031042e-01
5.342005104600847e-01
4.243031201579820e-01
4.518058566241167e-01
4.766376124998737e-01
4.425871835083259e-01
4.539477026981655e-01
4.632038588405381e-01
4.539844140728630e-01
4.194581685732700e-01
4.194581685732700e-01
4.099871090508239e-01
4.412549058098783e-01
4.124843551887499e-01
3.629202217013411e-01
3.299134312734427e-01
4.704917961047882e-01
4.704917961047882e-01
4.764150290635898e-01
4.685509822054632e-01
3.168750787479772e-01
4.078592864405267e-01
3.168750787479772e-01
3.135927697641646e-01
3.123633176346538e-01
3.075637332729908e-01
4.449223288163777e-01
4.749740471865570e-01
3.833096428474490e-01
3.081582606375279e-01
2.984493398306661e-01
4.021834509279097e-01
4.097117836227174e-01
4.053402733772040e-01
5.530232949114038e-01
4.053402733772040e-01
4.512315767911138e-01
4.154526987383034e-01
4.068052260157235e-01
2.695543237607333e-01
2.749382513069230e-01
2.902028344806976e-01
2.940027907260007e-01
2.957524490556089e-01
2.933024692644290e-01
4.889549415833533e-01
3.129064133871501e-01
3.365512514706846e-01
4.074460991856247e-01
3.298367851672228e-01
3.126227484838719e-01
3.133395025166122e-01
5.040816101823623e-01
3.313471621980809e-01
3.313471621980809e-01
3.768181470810743e-01
5.171018614953122e-01
5.148994035616742e-01
3.322771979370204e-01
3.644112359142731e-01
3.275065601500401e-01
4.687549962816883e-01
4.710721981785787e-01
3.505863913141684e-01
3.708828608072661e-01
4.074000709334178e-01
4.081371781439774e-01
4.081371781439774e-01
4.846040862534886e-01
3.814326919589708e-01
4.405253390885263e-01
4.700303225927269e-01
3.330205036399362e-01
4.840414424668253e-01
3.559711229792397e-01
4.597419521345869e-01
4.639940137381200e-01
3.664045427575032e-01
3.664045427575032e-01
4.950181360988939e-01
4.121079768501449e-01
3.833928514604565e-01
5.037713486813865e-01
5.037713486813865e-01
4.660214575146275e-01
5.048001307957906e-01
4.438564737841491e-01
4.443307337377337e-01
4.215020963216309e-01
3.545661751931115e-01
3.883241745696248e-01
4.274277109424080e-01
4.274277109424080e-01
3.696033124347026e-01
4.274277109424080e-01
4.000841642897137e-01
3.788379205332059e-01
3.698516065565074e-01
3.297031652093293e-01
4.213699890859678e-01
3.502348653096866e-01
3.037497864677758e-01
2.769902060327978e-01
2.749643328283535e-01
3.931270464976583e-01
2.792528848214029e-01
4.485407082466369e-01
4.704158200654409e-01
4.714210696369091e-01
4.093042283387062e-01
2.879866642962297e-01
3.719008036240137e-01
3.868519997391110e-01
3.891516102818637e-01
3.891516102818637e-01
3.942788309893701e-01
4.529157269460987e-01
4.312798804907107e-01
4.853130108042658e-01
4.767249169923098e-01
4.200666558690863e-01
4.506415620491060e-01
4.426099688841095e-01
4.187728311574254e-01
4.757135152779294e-01
4.617982078971947e-01
4.836542809148516e-01
4.825372222523093e-01
4.825372222523093e-01
3.932781706486086e-01
3.963632029911977e-01
3.963632029911977e-01
4.071357735480521e-01
3.366785795433513e-01
3.366785795433513e-01
3.368373011561674e-01
2.767595501142730e-01
4.585092282273410e-01
4.573003374941673e-01
5.229986466182189e-01
5.649229378838039e-01
5.353935272884354e-01
5.353935272884354e-01
5.420341368962076e-01
3.719928067863690e-01
3.541951897283964e-01
5.244086662850879e-01
6.133392306858838e-01
6.169724331831524e-01
5.706943070873918e-01
4.359589827028973e-01
4.399891407712321e-01
4.334939243775893e-01
3.997195338585821e-01
3.997195338585821e-01
4.039186757697285e-01
2.619855342547973e-01
5.206889928812690e-01
5.357698562914929e-01
3.013085018945475e-01
5.538242050497917e-01
3.013085018945475e-01
4.569733171768162e-01
4.810581813059068e-01
4.293378659287977e-01
4.392168926776390e-01
4.392168926776390e-01
3.497792877498646e-01
4.808184218087114e-01
3.663005635145656e-01
3.747251001964348e-01
3.747251001964348e-01
4.501541315295466e-01
4.132681342914932e-01
4.166195203465407e-01
3.053810215191737e-01
4.038382553380131e-01
3.921633978844659e-01
2.805198717390806e-01
4.672472135515190e-01
2.804289190431727e-01
4.313464186025767e-01
4.531941686186093e-01
4.777182396381380e-01
2.852076062250333e-01
4.688894057103528e-01
3.297135708527364e-01
4.340672178275158e-01
3.259546146071797e-01
3.969414640628496e-01
3.984284033551280e-01
4.091671424792683e-01
3.973709926688792e-01
3.951724346199689e-01
3.673222240559914e-01
4.385951797748604e-01
4.042904042991119e-01
3.793942634900397e-01
3.537760634291358e-01
3.784789151565877e-01
4.569125005587420e-01
4.067535451440190e-01
4.685603366393286e-01
4.842819208125300e-01
3.646867838317283e-01
3.688961801584265e-01
4.573160126596143e-01
3.786880524341770e-01
4.362579491805623e-01
4.409163445471614e-01
4.511425428587789e-01
4.067359774270975e-01
3.308118100053956e-01
5.183862909415057e-01
5.227046022286638e-01
4.941113512926799e-01
4.951264470429310e-01
4.692382938434391e-01
5.282571512466178e-01
5.282571512466178e-01
4.925109424491381e-01
5.282447887399014e-01
5.368418100235791e-01
5.002154099958716e-01
4.990384093533349e-01
5.162224688153455e-01
4.454782479200217e-01
4.622841087571616e-01
5.239548704587342e-01
5.208089952558074e-01
4.407423394464782e-01
4.101561187754840e-01
5.024264094694358e-01
5.062989685802253e-01
5.062989685802253e-01
4.666842888056840e-01
5.034473591834004e-01
5.102267236657477e-01
4.231467372879946e-01
3.824855333600738e-01
4.477143316666388e-01
4.705305213265969e-01
4.473194384526732e-01
4.705305213265969e-01
4.856126963526294e-01
4.964734816961309e-01
4.175692922163555e-01
4.260019409410991e-01
4.921800352730081e-01
4.322133791073423e-01
4.908186021644809e-01
4.322133791073423e-01
4.444619698923579e-01
4.974065823092514e-01
4.914143496479133e-01
4.972172240024598e-01
4.958739744145785e-01
4.686447104128530e-01
4.918825115863325e-01
4.245317149516172e-01
4.490063560687018e-01
4.490063560687018e-01
4.490063560687018e-01
4.584324319019943e-01
4.490063560687018e-01
4.121762849943563e-01
4.652422697367807e-01
4.731179258530193e-01
4.734364016809753e-01
4.777011730337274e-01
4.988522858579933e-01
4.684494385906630e-01
4.160253702828974e-01
4.460323844214694e-01
4.840660453946982e-01
4.386478713835592e-01
3.795636068642922e-01
4.562831606867266e-01
4.640185781059971e-01
4.260174142705007e-01
4.258063898822935e-01
4.156272628095568e-01
4.406205211715876e-01
4.199828367552001e-01
3.864872932463895e-01
3.388207173412940e-01
3.884340187247802e-01
3.359786176217680e-01
3.884340187247802e-01
4.006849773298140e-01
4.025267760200283e-01
3.888276528445678e-01
3.667288570063409e-01
3.775295241587429e-01
4.070794404884975e-01
4.059850576423790e-01
4.322744700047623e-01
3.560222668646016e-01
3.172165473781068e-01
3.161328379194500e-01
3.627384608466027e-01
3.027700249941324e-01
4.352882634282188e-01
3.519053147193735e-01
3.733018114879383e-01
3.421069266278429e-01
3.775774883967894e-01
4.106099140192478e-01
4.070092932695647e-01
3.305720663661474e-01
4.360997866187281e-01
3.766490171330008e-01
3.917192285764042e-01
3.854936084370481e-01
3.682407549213251e-01
3.682407549213251e-01
3.477666440327315e-01
3.477666440327315e-01
4.296880827824395e-01
3.746736312257118e-01
3.954347761368573e-01
3.415283158099964e-01
4.376167144604083e-01
4.527252113569651e-01
4.006835810884846e-01
4.527252113569651e-01
5.231334357876880e-01
4.399398246828671e-01
5.291159374999671e-01
5.307622199747414e-01
5.117705565408830e-01
3.243855490139073e-01
4.035649416564399e-01
3.939582158617491e-01
4.935304302999254e-01
4.569866501375289e-01
4.569866501375289e-01
4.313209522482365e-01
4.632282094706623e-01
3.857506095309224e-01
5.248587366226708e-01
4.211095112601488e-01
5.128838219558253e-01
5.031075947429015e-01
3.928197579179824e-01
4.211721069960041e-01
3.831903288235425e-01
4.563907197475990e-01
3.808708244465640e-01
4.462839104749004e-01
3.435841017239221e-01
3.809807577525822e-01
3.000811518947625e-01
4.249784341330684e-01
2.816600242192367e-01
3.450678451003790e-01
4.949976228333760e-01
3.589308341277914e-01
4.066125933716786e-01
4.225824657629728e-01
4.165884195608525e-01
4.165884195608525e-01
4.165884195608525e-01
4.187449583889064e-01
4.013372283894588e-01
3.830490534627827e-01
4.594352067274992e-01
4.376845546985106e-01
3.914920761744161e-01
4.705001550184742e-01
4.752688552698890e-01
4.198487012311733e-01
4.198487012311733e-01
3.567713540401390e-01
5.357557556629953e-01
4.721003746719170e-01
4.346744053771619e-01
3.761678816618167e-01
3.679652585225142e-01
4.141880911370505e-01
4.083074243689901e-01
4.758643161875503e-01
4.552863012127933e-01
3.568391011997135e-01
4.374314326214863e-01
5.677924697207447e-01
4.474750366786053e-01
4.420385987144968e-01
5.163057368412656e-01
5.158550711349814e-01
3.684704183476438e-01
4.428886249199707e-01
5.078844542620485e-01
5.035562875231334e-01
3.732470293430826e-01
4.817109873542962e-01
4.159350737490260e-01
4.553456035127632e-01
4.152220864669751e-01
4.545930419538714e-01
4.539680637760741e-01
4.374898379944676e-01
4.475609291840003e-01
5.517111810631042e-01
4.052105857932072e-01
4.112608341671328e-01
4.792715488930235e-01
3.821231928270004e-01
4.040245195075479e-01
4.853012355770293e-01
3.910856097483240e-01
4.135338882463559e-01
4.704969524566181e-01
4.704969524566181e-01
4.843243467012833e-01
4.649321248943000e-01
4.832794019895938e-01
4.629259192116531e-01
4.514400244328857e-01
4.896127211541273e-01
4.453668734763812e-01
4.960287902234231e-01
4.625185454385917e-01
4.930440080539640e-01
4.433487985926682e-01
3.682829579381124e-01
4.740431664963142e-01
4.433487985926682e-01
4.032928370181957e-01
4.271974686043019e-01
3.888181837148501e-01
4.073735311140469e-01
4.028857534598753e-01
4.638956866687171e-01
4.818954862586687e-01
3.854865162767956e-01
4.788158302423000e-01
4.800200591101259e-01
3.933933214650244e-01
4.514833446786975e-01
4.475204129669013e-01
3.538190739728239e-01
3.747019264779638e-01
4.728517736408514e-01
3.249935520010246e-01
5.195770306277239e-01
5.249695841733085e-01
3.546902677312316e-01
4.992244770967573e-01
4.389368932048410e-01
4.429553837496845e-01
4.393517990669181e-01
4.390648696771984e-01
3.264835791881864e-01
3.264835791881864e-01
4.390648696771984e-01
4.962701765601140e-01
4.008163022409400e-01
4.390648696771984e-01
4.238448468503564e-01
3.208128363483304e-01
3.941270101206510e-01
3.941270101206510e-01
4.000949181502685e-01
3.909169653423364e-01
4.354206657238029e-01
4.354206657238029e-01
4.019396220718732e-01
4.034197592121500e-01
3.812146890897251e-01
3.834777574303293e-01
3.695217629643906e-01
4.583639159739403e-01
2.339320285200759e-01
4.870251016048254e-01
4.784126159203108e-01
4.131497771619705e-01
5.091946519794573e-01
2.874096228883585e-01
4.620372421360737e-01
3.888476239769589e-01
4.573799939925258e-01
4.384240083421357e-01
4.594357971725340e-01
4.452479173132419e-01
3.115743372337083e-01
3.068979289707378e-01
3.100981071191676e-01
4.060401837688069e-01
3.790225548683048e-01
3.065769047607663e-01
4.107819168178706e-01
3.599982590284523e-01
4.165118685777879e-01
4.192014040252531e-01
4.036976853260637e-01
4.387287720984515e-01
4.225015784882471e-01
4.238633793777950e-01
4.238633793777950e-01
4.349039769311129e-01
