1.598322626908277e+00
1.620532737966013e+00
1.616549141948234e+00
1.612001186664330e+00
1.601242702920514e+00
1.591233508897298e+00
1.591233508897298e+00
1.608963308923653e+00
1.559713018952835e+00
1.779180700943041e+00
1.649331424055757e+00
1.705430598658933e+00
1.633268326048321e+00
1.701200746461420e+00
1.889459834356930e+00
1.676836420910285e+00
1.666604437116641e+00
1.871394636981659e+00
1.834884746826293e+00
1.743850503331881e+00
1.862497830978968e+00
1.712377567291598e+00
1.828414222472128e+00
1.886770593591986e+00
1.944229688522144e+00
1.691041656188391e+00
1.694500149834460e+00
1.785948459250702e+00
1.683468872501562e+00
1.708487694116945e+00
1.861934599763813e+00
1.684249660267275e+00
1.810155082428880e+00
1.704382610092018e+00
1.832162111800782e+00
1.697580741011680e+00
1.680494900464955e+00
1.702123047215473e+00
1.898030576159172e+00
1.865338808614542e+00
1.863030016227855e+00
1.701547810444022e+00
1.832779868844615e+00
1.695038090750002e+00
1.807407397957787e+00
1.811475921380017e+00
1.807061310373461e+00
1.633547975984209e+00
1.863249356636241e+00
1.849812793999225e+00
1.841177392673697e+00
1.778888569718641e+00
1.743640037126481e+00
1.771236052884892e+00
1.762144854118584e+00
1.850262994559342e+00
1.648299838929872e+00
1.853452525343817e+00
1.830415393485192e+00
1.898126814697778e+00
1.835554837689603e+00
1.913926339974749e+00
1.684515931088606e+00
1.945221475903905e+00
1.890254970042659e+00
1.888822540852236e+00
1.901538175432103e+00
1.918323351666847e+00
1.764684927736153e+00
1.918323351666847e+00
1.696398446897551e+00
1.694135246473115e+00
1.714063039943823e+00
1.976027004605181e+00
1.707985388387973e+00
1.707189099062351e+00
1.752561819173872e+00
1.608904067452932e+00
1.646274057401497e+00
1.661356507056526e+00
1.737432612149074e+00
1.774033516794789e+00
1.774033516794789e+00
1.713049509461512e+00
1.717557001174153e+00
1.927610894964904e+00
1.717557001174153e+00
1.827604166296094e+00
1.817485100022892e+00
1.704693366241043e+00
1.704693366241043e+00
1.830132566467954e+00
1.702800901110979e+00
1.754824841298160e+00
1.754824841298160e+00
1.733207986002649e+00
1.824802646027280e+00
1.724364994890562e+00
1.808846651040298e+00
1.794193453723396e+00
1.746213144953310e+00
1.753049773930176e+00
1.790768862368095e+00
1.794547322593443e+00
1.718588890402251e+00
1.794547322593443e+00
1.741265785526218e+00
1.773149117903420e+00
1.770539206595342e+00
1.744431907465952e+00
1.748317061097551e+00
1.739801726686928e+00
1.729907047519635e+00
1.706581351575571e+00
1.706635153868626e+00
1.745629747894443e+00
1.705782870315145e+00
1.705782870315145e+00
1.737571801576217e+00
1.753943058307137e+00
1.787251550749645e+00
1.769836179775829e+00
1.764745613341102e+00
1.751812293304393e+00
1.751812293304393e+00
1.751812293304393e+00
1.691968944312882e+00
1.696302957624558e+00
1.743926628798063e+00
1.697095876993773e+00
1.725878680317773e+00
1.725878680317773e+00
1.664771119325773e+00
1.771792953755690e+00
1.823284359385213e+00
1.686920867764414e+00
1.828037464324909e+00
1.689190858287842e+00
1.774301696117162e+00
1.695169070664099e+00
1.810662899856211e+00
1.662461558818261e+00
1.710795677198785e+00
1.710795677198785e+00
1.800042181000365e+00
1.800042181000365e+00
1.841754557007939e+00
1.851652208137543e+00
1.853162655074992e+00
1.853162655074992e+00
1.771545980990749e+00
1.818039137757273e+00
1.875358291234072e+00
1.768231689720164e+00
1.888678004835471e+00
1.881214074791786e+00
1.863344278890769e+00
1.700142502625123e+00
1.775323351151120e+00
1.791741186528478e+00
1.736869229901754e+00
1.734095120480656e+00
1.735404629890848e+00
1.704066018625168e+00
1.793125039958344e+00
1.692194391487797e+00
1.780205747568533e+00
1.788973209439833e+00
1.766424684938987e+00
1.728060298957399e+00
1.750505670642725e+00
1.820798442782674e+00
1.823826427673092e+00
1.793674612087195e+00
1.759111643743013e+00
1.800490821019283e+00
1.808096304945229e+00
1.781903040270580e+00
1.821050076529876e+00
1.767030071464391e+00
1.769233699799993e+00
1.769233699799993e+00
1.858998442190422e+00
1.829749347104316e+00
1.876934458391821e+00
1.795787228042319e+00
1.795787228042319e+00
1.795787228042319e+00
1.761020503304697e+00
1.761020503304697e+00
1.877178990593572e+00
1.783918046010012e+00
1.789180276258891e+00
1.819738356064192e+00
1.808448240045939e+00
1.808448240045939e+00
1.674513084999335e+00
1.670475554663794e+00
1.697456757083433e+00
1.817879267402430e+00
1.705528862646801e+00
1.792009211236669e+00
1.804196430772091e+00
1.778308323810433e+00
1.784904535796228e+00
1.792122177036110e+00
1.804511503337469e+00
1.822658989156686e+00
1.831603093393608e+00
1.717123085384160e+00
1.734424415357990e+00
1.728950053821710e+00
1.720847461678946e+00
1.720389414494723e+00
1.720389414494723e+00
1.752650676938882e+00
1.742489054228700e+00
1.780840712986070e+00
1.742489054228700e+00
1.940657233694574e+00
1.968053576960222e+00
1.958205653627055e+00
1.934855603264553e+00
1.899919200679269e+00
1.899919200679269e+00
1.861348645548574e+00
1.868887175353142e+00
1.900812367771000e+00
1.898487200817067e+00
1.912291463996293e+00
1.918157798342834e+00
1.864730918774120e+00
1.922855296121060e+00
1.948246898018124e+00
1.926784546872120e+00
1.931728954908407e+00
1.748595397350801e+00
1.633311519415077e+00
1.633311519415077e+00
1.867650261571075e+00
1.632068332804854e+00
1.908975550349430e+00
1.685264007054913e+00
1.687818761781601e+00
1.677085909347007e+00
1.676388300521803e+00
1.666680246248486e+00
1.686404786242000e+00
1.615041110151079e+00
1.645720416124850e+00
1.606575921940784e+00
1.808289749519551e+00
1.780482350085535e+00
1.709079214867584e+00
1.676953687815365e+00
1.685649401381445e+00
1.685649401381445e+00
1.813925143318273e+00
1.692250103283404e+00
1.813075623658949e+00
1.721967139561117e+00
1.827970536320939e+00
1.755076332456868e+00
1.807187695919825e+00
1.807187695919825e+00
1.636881712486367e+00
1.654331273933031e+00
1.786610381146910e+00
1.820656432374951e+00
1.834277264747030e+00
1.833745289885382e+00
1.829652692623836e+00
1.824303022630233e+00
1.746895608334456e+00
1.814416832196790e+00
1.762245125487781e+00
1.749220182075049e+00
1.839871412639043e+00
1.846525272124245e+00
1.931672146179502e+00
1.671030456135241e+00
1.667195658111728e+00
1.904965079455265e+00
1.658177635472974e+00
1.904026206473318e+00
1.676446957876477e+00
1.909960409572283e+00
1.909960409572283e+00
1.785225615114298e+00
1.785225615114298e+00
1.655118530888819e+00
1.804946190424024e+00
1.872714859110736e+00
1.872714859110736e+00
1.798240340991125e+00
1.662953270140139e+00
1.797398218378699e+00
1.794911122134152e+00
1.653877877404462e+00
1.813901353654612e+00
1.722337011199451e+00
1.715912715300852e+00
1.798018502944621e+00
1.734615638884319e+00
1.735805453300712e+00
1.744833176237272e+00
1.712574822228477e+00
1.740936939995673e+00
1.740936939995673e+00
1.695581592717657e+00
1.837944453259215e+00
1.706574842410228e+00
1.794048663492733e+00
1.710048516733671e+00
1.865155438443561e+00
1.712856132010663e+00
1.737871932161546e+00
1.700955988227320e+00
1.702127603197174e+00
1.685833455760120e+00
1.771560818987376e+00
1.788770668140997e+00
1.831122534325593e+00
1.630963215160707e+00
1.630963215160707e+00
1.666368958040742e+00
1.671507559068054e+00
1.686632696737499e+00
1.775525112761869e+00
1.775525112761869e+00
1.815082866772385e+00
1.815082866772385e+00
1.683035438422605e+00
1.783015393306757e+00
1.766231980044383e+00
1.789237340910165e+00
1.769833477102605e+00
1.787994335208383e+00
1.793218730108849e+00
1.794661559655845e+00
1.771694746691570e+00
1.792306537079122e+00
1.763319684668991e+00
1.762547169897836e+00
1.833831428736697e+00
1.739082914487757e+00
1.866320259164015e+00
1.734774497090245e+00
1.935168907496060e+00
1.759777330507216e+00
1.760918037417424e+00
1.901465469510643e+00
1.814452612736944e+00
1.857075407162628e+00
1.881450329379119e+00
1.881450329379119e+00
1.786600599596306e+00
1.811959496324775e+00
1.868330928729485e+00
1.874476846518493e+00
1.872499897438814e+00
1.872499897438814e+00
1.827340864194337e+00
1.910248988575504e+00
1.835917673024448e+00
1.838404655839941e+00
1.849814455951710e+00
1.891736767752106e+00
1.826031544381432e+00
1.949104468039089e+00
1.949104468039089e+00
1.949104468039089e+00
1.758094832699645e+00
1.814687969653398e+00
1.809923689258259e+00
1.814559646161511e+00
1.908607774028650e+00
1.900707560416183e+00
1.933494771965573e+00
1.816251954072497e+00
1.923729614426896e+00
1.923729614426896e+00
1.866635781664404e+00
1.835685981696967e+00
1.863973937144113e+00
1.871619948112172e+00
1.802869376523576e+00
1.821729657402396e+00
1.790457059990755e+00
1.745624512734971e+00
1.941428720026558e+00
1.807585226343650e+00
1.929042959258731e+00
1.895376746251639e+00
1.821901837910001e+00
1.809324147478607e+00
1.616819723271298e+00
1.616819723271298e+00
1.779072197381857e+00
1.649930986811236e+00
1.699548365238669e+00
1.805904750192953e+00
1.805904750192953e+00
1.790722867766256e+00
1.824612691492624e+00
1.941139586791514e+00
1.824493576345507e+00
1.912875799316022e+00
1.806570568168534e+00
1.876554028376422e+00
1.916977905487003e+00
1.907361858445157e+00
1.881836843520371e+00
1.917508969385988e+00
1.818915091146883e+00
1.818915091146883e+00
1.902555997731096e+00
1.905049646245705e+00
1.818915091146883e+00
1.886974135031474e+00
1.746054549968762e+00
1.872774150909949e+00
1.878867199007624e+00
1.822609632527776e+00
1.793873391643157e+00
1.861496861627796e+00
1.832368628069615e+00
1.754670055419689e+00
1.809866961954795e+00
1.837958532185703e+00
1.772856655401040e+00
1.796418427230756e+00
1.762948364269293e+00
1.794665874105032e+00
1.784800007855956e+00
1.798455338399261e+00
1.787145404260395e+00
1.764825012597672e+00
1.878501699571494e+00
1.811657950248985e+00
1.760516724692535e+00
1.816221894521911e+00
1.813320495976610e+00
1.805470779725928e+00
1.792125513768595e+00
1.796435244910858e+00
1.836583707012037e+00
1.835047743064528e+00
1.717711712552967e+00
1.874377887260529e+00
1.658094064139867e+00
1.658094064139867e+00
1.633339913954122e+00
1.633339913954122e+00
1.650507445261578e+00
1.854918653833253e+00
1.913826845603078e+00
1.621561222511685e+00
1.621561222511685e+00
1.609768110549006e+00
1.982147840002698e+00
1.915222263412128e+00
1.924581377560334e+00
1.569225618855570e+00
1.918020492848232e+00
1.618756292915273e+00
1.834416125825362e+00
1.909546115444371e+00
1.728279765526639e+00
1.718284220952323e+00
1.680793361169595e+00
1.733984773685480e+00
1.729356186734199e+00
1.872463219932772e+00
1.855206973285816e+00
1.877988385969693e+00
1.876774498011076e+00
1.924621971524935e+00
1.863799213891925e+00
1.703793471724804e+00
1.918951124926761e+00
1.750987117041940e+00
1.750828906375159e+00
1.789077291366947e+00
1.871497417538640e+00
1.881768878516265e+00
1.937018381733470e+00
1.940298669707463e+00
1.761008763477210e+00
1.778974853794456e+00
1.774769712261320e+00
1.970482002917228e+00
1.780877889618813e+00
1.933356282350826e+00
1.951554264127656e+00
1.875543996294395e+00
1.758004978085271e+00
1.832635762996431e+00
1.842225851302380e+00
1.886730430303106e+00
1.820555840922833e+00
1.889152290934322e+00
1.663574577764733e+00
1.878525814809455e+00
1.748156315410388e+00
1.727314684566018e+00
1.830764974191082e+00
1.727314684566018e+00
1.766981529962679e+00
1.745769674256552e+00
1.843898888183244e+00
1.826277184622523e+00
1.823230794466969e+00
1.817915985338408e+00
1.673046799998035e+00
1.815834592277926e+00
1.867102356872178e+00
1.820909013747920e+00
1.700262593454418e+00
1.810358131371211e+00
1.778825597910752e+00
1.769301092627747e+00
1.913913635208203e+00
1.710807161946778e+00
1.873605009898400e+00
1.867519166577216e+00
1.763679864192315e+00
1.755862116869038e+00
1.867519166577216e+00
1.864566660962523e+00
1.875433916149952e+00
1.752437291919050e+00
1.743430431618141e+00
1.797048659401282e+00
1.780709847659818e+00
1.806953858722197e+00
1.805029694364463e+00
1.805029694364463e+00
1.736573021891003e+00
1.706349497184719e+00
1.815038759916322e+00
1.815038759916322e+00
1.777145213420336e+00
1.737247290159845e+00
1.864075706938537e+00
1.882090625046099e+00
1.893977057267139e+00
1.889943850260851e+00
1.757915505909921e+00
1.888446601424805e+00
1.883399448175088e+00
1.736350335943701e+00
1.763247243686030e+00
1.902518116876522e+00
1.675340054329622e+00
1.726983077480346e+00
1.663415954723823e+00
1.760058905411007e+00
1.881254503892417e+00
1.663415954723823e+00
1.881254503892417e+00
1.732289474035424e+00
1.733076208114520e+00
1.733076208114520e+00
1.723520409883314e+00
1.740418922815030e+00
1.661097466696503e+00
1.753258469651786e+00
1.812653754085203e+00
1.646872153855568e+00
1.646099963273228e+00
1.822122249902198e+00
1.797808782295329e+00
1.861325540538078e+00
1.861325540538078e+00
1.679034719774588e+00
1.872841248170283e+00
1.601066650080808e+00
1.908386568774454e+00
1.936369909174971e+00
1.896746655740681e+00
1.842826177173635e+00
1.722003599541666e+00
1.717739668838142e+00
1.637489593865465e+00
1.611117270918202e+00
1.645852796017405e+00
1.645044513766750e+00
1.703344700002251e+00
1.621086236259504e+00
1.706532433194823e+00
1.618791683439860e+00
1.600044063039071e+00
1.622081096045869e+00
1.629592891901062e+00
1.581038649990674e+00
1.592254717592850e+00
1.630604364464162e+00
1.588142688341456e+00
1.615174978307748e+00
1.594147489027595e+00
1.845575546513820e+00
1.603886261143032e+00
1.846234899113370e+00
1.615357341621059e+00
1.802483519929648e+00
1.801819709970362e+00
1.631864662691726e+00
1.649526603242312e+00
1.648487620015336e+00
1.788546516612878e+00
1.654372213641347e+00
1.641899208235385e+00
1.753000705174376e+00
1.770291204315268e+00
1.761184658074599e+00
1.756721953901521e+00
1.784296680712776e+00
1.805956803148041e+00
1.802067942483153e+00
1.739773854724682e+00
1.719436006148938e+00
1.719436006148938e+00
1.682411036597229e+00
1.773709969320721e+00
1.704325066478630e+00
1.704325066478630e+00
1.704325066478630e+00
1.682313711419390e+00
1.682313711419390e+00
1.738543510959018e+00
1.776507048493137e+00
1.556045611586512e+00
1.753131034538318e+00
1.837066373044812e+00
1.563359046223745e+00
1.864091688117162e+00
1.864091688117162e+00
1.856539346779866e+00
1.805709141920153e+00
1.788891946900776e+00
1.616099310273173e+00
1.855206326847582e+00
1.627654303081947e+00
1.674196810118135e+00
1.578041079662120e+00
1.888269980974504e+00
1.882269193887498e+00
1.889406962180479e+00
1.878289860753487e+00
1.772886026746891e+00
1.637823524490908e+00
1.756327792370520e+00
1.712051631947504e+00
1.674475264205217e+00
1.888212717113327e+00
1.702189556153773e+00
1.892413502706400e+00
1.735851964512996e+00
1.938786483360172e+00
1.938786483360172e+00
1.638902314032177e+00
1.687786951450716e+00
1.684731248418086e+00
1.684731248418086e+00
1.586305598799514e+00
1.562808269044597e+00
1.642645958873409e+00
1.652269997302150e+00
1.637592882390585e+00
1.689377522342264e+00
1.681490376353719e+00
1.643823931692510e+00
1.759797902942640e+00
1.759797902942640e+00
1.633253934017601e+00
1.916256449633463e+00
1.795538525500785e+00
1.655235949652371e+00
1.774549176805525e+00
1.754523644531031e+00
1.737143767498591e+00
1.760990914564251e+00
1.877983413038293e+00
1.809880718579664e+00
1.731674985913643e+00
1.788049885612100e+00
1.761527164885107e+00
1.823152669467707e+00
1.792605012913485e+00
1.823152669467707e+00
1.719641070229090e+00
1.769832301739847e+00
1.829624514569162e+00
1.739009017679096e+00
1.746967543692717e+00
1.840115318647574e+00
1.689242459397804e+00
1.866093671418579e+00
1.878971949685164e+00
1.878971949685164e+00
1.601533390808237e+00
1.866622045235526e+00
1.886777828469501e+00
1.634320958497584e+00
1.670918627315427e+00
1.741605629855677e+00
1.778372195186715e+00
1.838596562710718e+00
1.833410610422817e+00
1.833410610422817e+00
1.840079360453287e+00
1.835311575215253e+00
1.835311575215253e+00
1.832041100755943e+00
1.701616801146274e+00
1.654151613146516e+00
1.842508235889547e+00
1.844305471019165e+00
1.957245370184627e+00
1.968851554703704e+00
1.763078707387008e+00
1.960362268178394e+00
1.691427449704429e+00
1.691427449704429e+00
1.691427449704429e+00
1.913581161422519e+00
1.698292632244015e+00
1.685371695383109e+00
1.664280631684531e+00
1.664280631684531e+00
1.686066049169208e+00
1.686066049169208e+00
1.707200624317144e+00
1.690128221941636e+00
1.690128221941636e+00
1.765225644455654e+00
1.765225644455654e+00
1.968599750545747e+00
1.694429961732314e+00
1.958880519855535e+00
1.783819986249551e+00
1.951517925787868e+00
1.812160136589245e+00
1.741080528636444e+00
1.951517925787868e+00
1.697120861217385e+00
1.951517925787868e+00
1.679195165575869e+00
2.018842298166172e+00
1.714712870384118e+00
1.772270001116133e+00
1.952098783948457e+00
1.703566433297889e+00
1.807717532086031e+00
1.840991322064197e+00
1.858523397585613e+00
1.908774682130950e+00
1.919482569272374e+00
1.763450169741839e+00
1.798746813674408e+00
1.812075168250028e+00
1.791291741385644e+00
1.869600502810559e+00
1.743994084837759e+00
1.922283864475262e+00
1.783768131040226e+00
1.915850195375266e+00
1.743342762639325e+00
1.743342762639325e+00
1.721307580004123e+00
1.735225821468347e+00
1.737132884217700e+00
1.897848284950350e+00
1.723640597360320e+00
1.913861044557432e+00
1.859617681623895e+00
1.823512266751069e+00
1.937346526678685e+00
1.814709028643139e+00
1.942908430126274e+00
1.732760896140236e+00
1.734788280635566e+00
1.953220853275196e+00
1.809471973601160e+00
1.819635465198551e+00
1.819635465198551e+00
1.819635465198551e+00
1.823046094085283e+00
1.793730084871194e+00
1.813930124669235e+00
1.819228304333798e+00
1.859339375716328e+00
1.845225994254948e+00
1.848577205253722e+00
1.848616599419812e+00
1.778831074097993e+00
1.781962957254330e+00
1.825716853479169e+00
1.769414902786964e+00
1.750848332645648e+00
1.801895244702895e+00
1.840508747798620e+00
1.870534069754819e+00
1.811638850923562e+00
1.657295546369027e+00
1.674219208335190e+00
1.674219208335190e+00
1.587729061349518e+00
1.787840369431942e+00
1.772041708685650e+00
1.986584788552665e+00
1.986584788552665e+00
1.950860819066736e+00
1.744458128172583e+00
1.974978634289000e+00
1.974978634289000e+00
1.740360906466808e+00
1.734254131752359e+00
1.708126922879493e+00
1.781796754403622e+00
1.962722233678214e+00
1.962722233678214e+00
1.962163860764530e+00
1.631289984015030e+00
1.962163860764530e+00
1.739293935066478e+00
1.624641137561088e+00
2.010068862044426e+00
1.990197181195938e+00
1.712643725419275e+00
1.723042815120542e+00
1.712787860441827e+00
1.741996179423583e+00
1.806705108470870e+00
1.741996179423583e+00
1.721977815936843e+00
1.810251352369540e+00
1.870396586983345e+00
1.768977042050263e+00
1.826386233240355e+00
1.847482085533067e+00
1.824636800180791e+00
1.830034930620270e+00
1.866192672454323e+00
1.907635619390271e+00
1.801099232939687e+00
1.778662632948386e+00
1.846423138403121e+00
1.790908791318798e+00
1.793669348565043e+00
1.803475191238618e+00
1.862432511565480e+00
1.826849784745356e+00
1.778655479680376e+00
1.751815872566444e+00
1.800964608191799e+00
1.753619963012629e+00
1.714366773596395e+00
1.757371312350818e+00
1.712039003968862e+00
1.763645420661915e+00
1.761804442940008e+00
1.736270552760385e+00
1.718252648266541e+00
1.727522200815331e+00
1.733448539014726e+00
1.809982151638051e+00
1.732218108473193e+00
1.801599874504011e+00
1.803173232912857e+00
1.746916803609004e+00
1.812913900602886e+00
1.812913900602886e+00
1.694749866874957e+00
1.850949187495562e+00
1.802334452985680e+00
1.621708806738434e+00
1.843305438316898e+00
1.845625901970439e+00
1.830893354326406e+00
1.944693831129888e+00
1.703556484280676e+00
1.944693831129888e+00
1.788229716972224e+00
1.788229716972224e+00
1.795765072909721e+00
1.681417621345503e+00
1.951798519033981e+00
1.951798519033981e+00
1.697677584339747e+00
1.697677584339747e+00
1.689442606140740e+00
2.012293927842802e+00
1.695348528308958e+00
1.677760080731221e+00
2.000973891394153e+00
1.981457068236936e+00
1.601415594423292e+00
1.671414189987024e+00
1.600042450844756e+00
1.645274649141961e+00
1.641174959334603e+00
1.719807633851311e+00
1.637480717682527e+00
1.613311155817395e+00
1.997252332129557e+00
1.997252332129557e+00
1.997252332129557e+00
1.884072960132008e+00
1.876239994182090e+00
1.876239994182090e+00
1.614881370225646e+00
1.791053715727950e+00
1.559652346787766e+00
1.572222367218709e+00
1.795668787283291e+00
1.584865844331575e+00
1.766833568982698e+00
1.887120963466150e+00
1.598327887359009e+00
1.761159053524126e+00
1.898721294324153e+00
1.735470170746078e+00
1.779116855507791e+00
1.572457460223584e+00
1.838638490053697e+00
1.836237262859711e+00
1.579662262031009e+00
1.875216467239220e+00
1.609939910616800e+00
1.693204789007550e+00
1.626255712675830e+00
1.646317125246889e+00
1.666997790763559e+00
1.736867786265520e+00
1.744101873045162e+00
1.819673084611432e+00
1.799267818675998e+00
1.781551711587243e+00
1.798456600086837e+00
1.741294361311761e+00
1.754712165198371e+00
1.794243094300312e+00
1.794243094300312e+00
1.782399334012265e+00
1.776184597437894e+00
1.811364506956115e+00
1.773840062526199e+00
1.716492206706924e+00
1.842151849656598e+00
1.748967438736757e+00
1.727048241739590e+00
1.824120389518421e+00
1.824120389518421e+00
1.894108224708712e+00
1.752314604402656e+00
1.823155760555527e+00
1.826963264086097e+00
1.844701185269244e+00
1.814857287857868e+00
1.811704450061601e+00
1.803715862384672e+00
1.836431334133970e+00
1.779788678312471e+00
1.804843976804888e+00
1.770191357916302e+00
1.921713058143110e+00
1.750821029127164e+00
1.821233525440895e+00
1.849490403546063e+00
1.838696564284448e+00
1.839486745374162e+00
1.820963645227018e+00
2.009640861434701e+00
1.975437028439597e+00
1.722452723509272e+00
1.735918481881497e+00
1.727418921391174e+00
1.757801455770102e+00
2.007206685154362e+00
1.750939467276606e+00
1.783849715911173e+00
1.736862681620484e+00
1.728598063231662e+00
1.728598063231662e+00
1.940858514235668e+00
1.796723620129892e+00
1.946059753278790e+00
1.836476582147557e+00
1.901886544569863e+00
1.709190155516541e+00
1.839229454859097e+00
1.856689010698026e+00
1.833265249903324e+00
1.833265249903324e+00
1.720701228058724e+00
1.751174393347804e+00
1.751174393347804e+00
1.742824114706845e+00
1.744507831375890e+00
1.866442665660404e+00
1.871604893522556e+00
1.888318534276836e+00
1.763626583534060e+00
1.763626583534060e+00
1.763626583534060e+00
1.878163358955209e+00
1.750825422772562e+00
1.736941835332862e+00
1.858682867126339e+00
1.874340338624932e+00
1.883495458071832e+00
1.934192840743395e+00
1.745660587671570e+00
1.753811094223864e+00
1.748826218367469e+00
1.689918197386768e+00
1.900646743527439e+00
1.691774063778520e+00
1.889860302830064e+00
1.694097768258895e+00
1.748607210422226e+00
1.851040023415587e+00
1.705078184745117e+00
1.762188259963646e+00
1.764278415153731e+00
1.764278415153731e+00
1.770624479290978e+00
1.919184286012666e+00
1.693132649635234e+00
1.688053434874673e+00
1.749178196229910e+00
1.747138592275812e+00
1.723053704679741e+00
1.723053704679741e+00
1.747429573314671e+00
1.773157895848212e+00
1.773157895848212e+00
1.735733575561600e+00
1.735733575561600e+00
1.715052648829364e+00
1.776429216020032e+00
1.813814713448686e+00
1.797116411499321e+00
1.802273534094550e+00
1.754492387215991e+00
1.754492387215991e+00
1.754492387215991e+00
1.783696311162502e+00
1.871162751637134e+00
1.871162751637134e+00
1.803123780591307e+00
1.813112594454175e+00
1.797876772368426e+00
1.797876772368426e+00
1.833243070184496e+00
1.841441274515130e+00
1.777026538548782e+00
1.777026538548782e+00
1.777026538548782e+00
1.774829100941618e+00
1.732749366691774e+00
1.718603258111029e+00
1.726389701970266e+00
1.748486580607477e+00
1.772859085537415e+00
1.809516544420855e+00
1.813925485483152e+00
1.822310584715832e+00
1.815690621681104e+00
1.810285718289008e+00
1.817670143703852e+00
1.811379613436174e+00
1.791475470620085e+00
1.791475470620085e+00
1.850725287581906e+00
1.816729239935236e+00
1.833031703107429e+00
1.720187222713797e+00
1.728354502245398e+00
1.808654488389760e+00
1.840655452993537e+00
1.879034952839822e+00
1.738936525808118e+00
1.810419119441642e+00
1.920927706107998e+00
1.735580828607250e+00
1.935172665031978e+00
1.745872811281570e+00
1.718647115687083e+00
1.794989483356324e+00
1.719137598830349e+00
1.810656959700793e+00
1.810656959700793e+00
1.842373562417581e+00
1.877230102730880e+00
1.875553018588265e+00
1.758056460498965e+00
1.751242791797336e+00
1.774915171417416e+00
1.819224502489430e+00
1.791441528026104e+00
1.829847586767130e+00
1.878079075633319e+00
1.878079075633319e+00
1.878079075633319e+00
1.701135537836988e+00
1.847718391589543e+00
1.686095442419170e+00
1.681479766538938e+00
1.843624314812475e+00
1.780636804560312e+00
1.853091333718853e+00
1.637878500509367e+00
1.926735878031592e+00
1.659216097887739e+00
1.700956973021384e+00
1.887074476897133e+00
1.719475443674717e+00
1.760286407469654e+00
1.759842057757827e+00
1.748845741599506e+00
1.839589616602285e+00
1.835851500502816e+00
1.844417138948063e+00
1.789360785717121e+00
1.677632270307338e+00
1.728796129878978e+00
1.765182764563462e+00
1.746177258559477e+00
1.746177258559477e+00
1.803512404204103e+00
1.803512404204103e+00
1.715423797140276e+00
1.707841664554565e+00
1.818068429957822e+00
1.717121399553149e+00
1.717121399553149e+00
1.765090384129018e+00
1.850593886237084e+00
1.809297344924627e+00
1.781106836635157e+00
1.798914011997255e+00
1.798853542579428e+00
1.797286122600269e+00
1.847427638467065e+00
1.840664547476669e+00
1.810786503039780e+00
1.774970082426807e+00
1.801730399734760e+00
1.745374323933128e+00
1.793172349042649e+00
1.731162761449671e+00
1.730884736634731e+00
1.695351264835023e+00
1.791620099881735e+00
1.827371424255649e+00
1.663778428283491e+00
1.640024171347095e+00
1.700140333282028e+00
1.703650563290654e+00
1.781402663541653e+00
1.793003128644684e+00
1.793003128644684e+00
1.573017079432566e+00
1.789800343463812e+00
1.846379736977099e+00
1.578411646521253e+00
1.811698188024341e+00
1.808730038326123e+00
1.539438442488924e+00
1.835663049089509e+00
1.534220164872190e+00
1.855320564791266e+00
1.915849146283948e+00
1.923284013842410e+00
1.908502788429177e+00
1.498572251440960e+00
1.849154365630496e+00
1.514866106347126e+00
1.960771921225444e+00
1.668120119150465e+00
1.901708238061084e+00
1.882593571469548e+00
1.486551238379177e+00
1.895694741296727e+00
1.645455282529070e+00
1.905350396026592e+00
1.845710319087084e+00
1.761764750155124e+00
1.759822116912108e+00
1.756582149695338e+00
1.711407641509032e+00
1.586487515547909e+00
1.586230777641626e+00
1.827246995454573e+00
1.636504436257414e+00
1.759569982125687e+00
1.767059473057620e+00
1.785242298347087e+00
1.794914557279199e+00
1.814654801952930e+00
1.637374918949469e+00
1.812278160319871e+00
1.800725031880845e+00
1.672529532222288e+00
1.672529532222288e+00
1.732488463449690e+00
1.761489733377355e+00
1.716717249894749e+00
1.822836851239781e+00
1.814789732896205e+00
1.804751810472488e+00
1.804751810472488e+00
1.719277226466368e+00
1.760572304121082e+00
1.674020901170005e+00
1.686467754386793e+00
1.685481415830316e+00
1.897736421541725e+00
1.897736421541725e+00
1.700601950535012e+00
1.970106067765166e+00
1.998375665671025e+00
1.793942635263084e+00
1.718110687960022e+00
1.718110687960022e+00
1.918106898706989e+00
1.740152940932142e+00
1.700044751759324e+00
1.743673624653692e+00
1.750343937187199e+00
1.732913918288020e+00
1.896958663056361e+00
1.840231651510822e+00
1.717738897793476e+00
1.708262108028781e+00
1.708262108028781e+00
1.640445542473334e+00
1.789935151744661e+00
1.789935151744661e+00
1.608505609080064e+00
1.608505609080064e+00
1.832125572652029e+00
1.827482750939866e+00
1.602963029652825e+00
1.767634345204527e+00
1.771322176344127e+00
1.644657175045331e+00
1.840396775040311e+00
1.734284858134226e+00
1.635005125293573e+00
1.837904231107152e+00
1.679380548062999e+00
1.710201883428800e+00
1.908019660136769e+00
1.748166512746494e+00
1.626660913260405e+00
1.900812969135608e+00
1.600168532790143e+00
1.852327380156288e+00
1.821450243676688e+00
1.821450243676688e+00
1.638247400268298e+00
1.666168140799905e+00
1.590425457005295e+00
1.786474144865167e+00
1.780921565284470e+00
1.545141165338222e+00
1.764534575069903e+00
1.724465081332179e+00
1.647136084315756e+00
1.647136084315756e+00
1.662748556432106e+00
1.772669767614658e+00
1.773160528195446e+00
1.595050028232741e+00
1.766289701241721e+00
1.540133878068879e+00
1.807920428717345e+00
1.791005783909210e+00
1.736872435777250e+00
1.878270073573214e+00
1.878270073573214e+00
1.877323347995976e+00
1.534729634173877e+00
1.877682361933100e+00
1.835721100175263e+00
1.852481267984609e+00
1.836753030986112e+00
1.840198604928247e+00
1.772126495808231e+00
1.769690258110896e+00
1.469535084188646e+00
1.763646826799251e+00
1.831105550467318e+00
1.822016977293581e+00
1.777039450113238e+00
1.758582791540150e+00
1.736491527180236e+00
1.624248642267246e+00
1.884167343173892e+00
1.891467190013714e+00
1.651054242259997e+00
1.643804179127790e+00
1.637970943371122e+00
1.656258338067535e+00
1.889417325677129e+00
1.892186264892016e+00
1.858946255807847e+00
1.694070545467254e+00
1.730774909355075e+00
1.860162299120742e+00
1.709883047552480e+00
1.711624458675075e+00
1.682036834826263e+00
1.671349609163321e+00
1.785308477594977e+00
1.721998893274311e+00
1.672483983888246e+00
1.786656952457172e+00
1.730478795411896e+00
1.856964897267544e+00
1.682564528009736e+00
1.879400145805863e+00
1.669679613235550e+00
1.772710057680324e+00
1.799382878691107e+00
1.779608202941255e+00
1.800093213811329e+00
1.800093213811329e+00
1.772323598658485e+00
1.766451333824285e+00
1.786853518145808e+00
1.780225920667556e+00
1.699556905573435e+00
1.805728056271544e+00
1.664358413433625e+00
1.664358413433625e+00
1.664358413433625e+00
1.673619589056690e+00
1.787970399459013e+00
1.787970399459013e+00
1.750886264727296e+00
1.750886264727296e+00
1.811017790582409e+00
1.779828897438842e+00
1.761209880212935e+00
1.672994965497297e+00
1.701220928515455e+00
1.882248349587476e+00
1.701220928515455e+00
1.858892240207089e+00
1.801634608660192e+00
1.777324131393848e+00
1.677731196750889e+00
1.764794900614303e+00
1.735861013343442e+00
1.755936255653228e+00
1.796187327510427e+00
1.733090558800354e+00
1.831977178460427e+00
1.831784062285002e+00
1.846650770431781e+00
1.814620615798211e+00
1.640972794856172e+00
1.613166538074888e+00
1.703014951875787e+00
1.733586024120171e+00
1.733586024120171e+00
1.715755099216391e+00
1.796263596199186e+00
1.784423574226891e+00
1.793664305884176e+00
1.793664305884176e+00
1.670327566009850e+00
1.774379224525285e+00
1.660093954896628e+00
1.589327551600342e+00
1.723860227305123e+00
1.751353870743134e+00
1.749837176868921e+00
1.749837176868921e+00
1.739395413788232e+00
1.671090001595584e+00
1.775657678153262e+00
1.768131840429423e+00
1.541894239952768e+00
1.822868939811094e+00
1.592529574178653e+00
1.557104032502137e+00
1.620274839936699e+00
1.777229105828224e+00
1.580651150378756e+00
1.777229105828224e+00
1.720095366673631e+00
1.710245251795687e+00
1.701980259087592e+00
1.640685025435157e+00
1.676390672808512e+00
1.815726259415863e+00
1.800656288257690e+00
1.613606455022799e+00
1.595672013638325e+00
1.799511531668234e+00
1.799511531668234e+00
1.589405898485354e+00
1.665215803800645e+00
1.873371395307160e+00
1.684459717958712e+00
1.722233118573134e+00
1.722233118573134e+00
1.647401022481700e+00
1.898909402588269e+00
1.642277134040238e+00
1.653263522128154e+00
1.709295228924144e+00
1.846908993424936e+00
1.710883506405685e+00
1.926030451546433e+00
1.737451540242991e+00
1.896821841940348e+00
1.887768316036152e+00
1.892052461320979e+00
1.739023683446928e+00
1.739023683446928e+00
1.830545067243581e+00
1.713762353400367e+00
1.712340318298563e+00
1.706895745398450e+00
1.711956116339943e+00
1.761189067594545e+00
1.833704216742634e+00
1.794153479304705e+00
1.809720070973813e+00
1.749443310367203e+00
1.749443310367203e+00
1.756464163750186e+00
1.708123646071088e+00
1.726568159840459e+00
1.673165248144776e+00
1.624491986648873e+00
1.673919189573819e+00
1.673919189573819e+00
1.673919189573819e+00
1.717390764917055e+00
1.669137783087479e+00
1.715936381521495e+00
1.776969537585749e+00
1.642434784398185e+00
1.728735560255628e+00
1.776969537585749e+00
1.772145220377680e+00
1.827887689936072e+00
1.845894196489438e+00
1.810546364187550e+00
1.810546364187550e+00
1.684417276719524e+00
1.684417276719524e+00
1.684417276719524e+00
1.746502582807631e+00
1.722440304161682e+00
1.750928595847042e+00
1.757052843491907e+00
1.895748206692975e+00
1.777002772801804e+00
1.943834928767126e+00
1.945010362535567e+00
1.945010362535567e+00
1.945010362535567e+00
1.710496600158066e+00
1.701758152791069e+00
1.701758152791069e+00
1.701758152791069e+00
1.736108503228930e+00
1.860558526765014e+00
1.751418556513638e+00
1.805643112519735e+00
1.804733328936852e+00
1.813959584246600e+00
1.813959584246600e+00
1.865994510266396e+00
1.865127706563631e+00
1.819112390219456e+00
1.797405081610702e+00
1.760872079676226e+00
1.799716772519748e+00
1.769252672862455e+00
1.775367394773846e+00
1.782258774266821e+00
1.838303812778070e+00
1.919659431342170e+00
1.687629665438772e+00
1.687629665438772e+00
1.777349223047609e+00
1.701814072410555e+00
1.810383556339714e+00
1.765722614107618e+00
1.867228362772386e+00
1.831616725203992e+00
1.878268413584886e+00
1.809665783459293e+00
1.868297013491475e+00
1.770360981429400e+00
1.885759719287858e+00
1.871853632323129e+00
1.807732993731159e+00
1.805381906160949e+00
1.861072786369895e+00
1.836850208739711e+00
1.874842302555625e+00
1.858175557381958e+00
1.852957241375162e+00
1.827162334631724e+00
1.857268228395086e+00
1.834728761334768e+00
1.842286393348290e+00
1.834216365406212e+00
1.803597114685164e+00
1.748682771740321e+00
1.878564145390895e+00
1.811617688016684e+00
1.914685776231696e+00
1.802365960374036e+00
1.784447338278154e+00
1.950459155744434e+00
1.947881157614926e+00
1.966104776114650e+00
1.965291138996965e+00
1.839673535989833e+00
1.773513949031515e+00
1.992132581757376e+00
1.823505829996032e+00
2.024783192761078e+00
1.777794714879154e+00
2.029225735255016e+00
1.921835696574626e+00
1.814435336082407e+00
2.015671170964719e+00
1.905374418054684e+00
1.806388714439803e+00
2.031445736770980e+00
1.819324577958157e+00
1.856113540415897e+00
1.796779819886493e+00
1.997923935784183e+00
1.845778207846212e+00
1.862832676400705e+00
1.858426825626410e+00
1.858426825626410e+00
1.871951567256936e+00
1.888431842005490e+00
1.879570682653611e+00
1.878445421334702e+00
1.882071851132972e+00
1.873038741223386e+00
1.905591373589465e+00
1.855430907426053e+00
1.893617087705268e+00
1.785494094725753e+00
1.853204053613194e+00
1.787867108467063e+00
1.787284312714276e+00
1.808878406919181e+00
1.747877330082007e+00
1.797972342796967e+00
1.761074066895917e+00
1.790144934946045e+00
1.778103175268503e+00
1.842867177101770e+00
1.783724611429379e+00
1.789950370786224e+00
1.797889322658934e+00
1.798687401064295e+00
1.780947541770918e+00
1.903879111452502e+00
1.958639502880924e+00
1.796474927741662e+00
1.944633880153469e+00
1.881754781309112e+00
1.928462257287215e+00
1.964604887130655e+00
1.964604887130655e+00
1.911520614302385e+00
1.771288460411293e+00
1.846284421771701e+00
1.907624097755914e+00
1.800432489672907e+00
1.770664598715318e+00
1.944147118594423e+00
1.772777591997056e+00
1.773791831070886e+00
1.781037850915125e+00
1.881510186040906e+00
1.904915183738248e+00
1.813826889843791e+00
1.878508147109839e+00
1.872962840754694e+00
1.859891668587251e+00
1.859891668587251e+00
1.952934212686132e+00
1.812837916490164e+00
1.980182948279568e+00
2.002510050338872e+00
1.814793756900104e+00
2.034995080854106e+00
1.814793756900104e+00
1.814793756900104e+00
1.865587936328656e+00
1.865587936328656e+00
1.690693025509466e+00
1.872401267030692e+00
1.872401267030692e+00
1.969984397956950e+00
1.989611009155054e+00
1.650336615748773e+00
1.625084341486976e+00
1.619086859526686e+00
1.983469024495544e+00
1.984956523505750e+00
1.616152669195790e+00
1.601891348124611e+00
1.601891348124611e+00
1.946125246425643e+00
1.945143129957856e+00
1.871467435124133e+00
1.927167746036075e+00
1.836044469466673e+00
1.555096732795992e+00
1.903345637287250e+00
1.557645925551036e+00
1.872601345392164e+00
1.872601345392164e+00
1.870575034381031e+00
1.624202524362310e+00
1.624202524362310e+00
1.861406349394329e+00
1.696513323348223e+00
1.564869290401133e+00
1.571841167125616e+00
1.668910482478364e+00
1.689982708260174e+00
1.565424607528087e+00
1.565424607528087e+00
1.565424607528087e+00
1.574216181850322e+00
1.893305475123823e+00
1.558034452803401e+00
1.558034452803401e+00
1.739076855765836e+00
1.739076855765836e+00
1.545265240937113e+00
1.843007897358149e+00
1.843007897358149e+00
1.872939195780845e+00
1.649941576408179e+00
1.782575014794123e+00
1.679998027925496e+00
1.686714737466312e+00
1.902192114834227e+00
1.763091625752912e+00
1.755002002597681e+00
1.747226263627834e+00
1.749430407234762e+00
1.730101125330395e+00
1.899639445884893e+00
1.899682110524963e+00
1.925024361042827e+00
1.784590479530235e+00
1.857613187497696e+00
1.896618575907637e+00
2.011855498361582e+00
2.021663495644370e+00
1.908114618718901e+00
1.949186396309763e+00
1.930386904933290e+00
1.895763636485290e+00
1.895763636485290e+00
1.875956343438763e+00
1.875956343438763e+00
1.890454708048039e+00
1.872699754318344e+00
1.684430693156036e+00
1.692165650581815e+00
1.808863757037848e+00
1.909814622907325e+00
1.844296491544451e+00
1.841250940735574e+00
1.699092301785495e+00
1.750626473685333e+00
1.858350486187048e+00
1.858350486187048e+00
1.694230295185471e+00
2.010136937141320e+00
1.695853208214074e+00
1.748107163718268e+00
1.665572705799464e+00
1.976747182861008e+00
1.660694986807047e+00
1.976656087914252e+00
1.976656087914252e+00
1.639803066611310e+00
1.639803066611310e+00
1.796301075282906e+00
1.932138470236117e+00
1.746750097040457e+00
1.731566902652477e+00
1.655628565034465e+00
1.927832339545383e+00
1.844094608379995e+00
1.669205166323158e+00
1.797413077067587e+00
1.773337036121712e+00
1.759959777677040e+00
1.759959777677040e+00
1.738825386014924e+00
1.706958521067444e+00
1.706958521067444e+00
1.709369821653342e+00
1.661195042250178e+00
1.636136185586167e+00
1.642206143828091e+00
1.641409483779317e+00
1.655026772218108e+00
1.639208157186424e+00
1.621220134187065e+00
1.666585849575485e+00
1.666585849575485e+00
1.714876759382240e+00
1.686744183458151e+00
1.686744183458151e+00
1.672188982522394e+00
1.698542159844059e+00
1.770179859132746e+00
1.722343831369413e+00
1.722343831369413e+00
1.720719128058311e+00
1.743829088795646e+00
1.726667942333543e+00
1.778668285806812e+00
1.757789070834675e+00
1.756001183037732e+00
1.825603943635677e+00
1.736206405587156e+00
1.790536308615167e+00
1.696320320383152e+00
1.689868178903522e+00
1.708698073428790e+00
1.668831933051117e+00
1.816977330287830e+00
1.668219564188652e+00
1.662511495193734e+00
1.770818702415355e+00
1.735193652635939e+00
1.735193652635939e+00
1.732676724983360e+00
1.845027197004955e+00
1.620082035174491e+00
1.631772601863825e+00
1.853388024211011e+00
1.853388024211011e+00
1.766779521022256e+00
1.842281568613560e+00
1.619660915265429e+00
1.883051866421001e+00
1.851593265836545e+00
1.830824833208459e+00
1.815378066257710e+00
1.805204281406543e+00
1.797357074607873e+00
1.844844279906780e+00
1.837400674503594e+00
1.814887580327780e+00
1.814887580327780e+00
1.823103409455790e+00
1.784263262122149e+00
1.833978972574738e+00
1.596716663234642e+00
1.833883944089212e+00
1.837790826311793e+00
1.856713628245728e+00
1.855441837064164e+00
1.854929509495924e+00
1.867472020039018e+00
1.589063093848772e+00
1.867472020039018e+00
1.743900748149881e+00
1.779679626202691e+00
1.794004243935247e+00
1.875299779800253e+00
1.875898877395730e+00
1.920741971236024e+00
1.949353340657441e+00
1.998753044598291e+00
2.005625384446278e+00
1.718298324546106e+00
1.972437667056680e+00
1.940122105039908e+00
1.648064778552211e+00
1.946181684478197e+00
1.952410442731233e+00
1.951856663990476e+00
1.749005992695700e+00
1.690481424196956e+00
1.690481424196956e+00
1.856846041099825e+00
1.700312787385200e+00
1.707623999352082e+00
1.658607318276519e+00
1.794398152469784e+00
1.788774153629972e+00
1.833980082891240e+00
1.831842499041456e+00
1.752826202879312e+00
1.716157856686100e+00
1.694218091399793e+00
1.724201246405563e+00
1.724201246405563e+00
1.865794909176679e+00
1.751304563646000e+00
1.912963222077691e+00
1.675025776448660e+00
1.871413367241550e+00
1.676278351818418e+00
1.824380294765904e+00
1.747362240196421e+00
1.797638545225702e+00
1.758913268228442e+00
1.758913268228442e+00
1.771114532743893e+00
1.715687664234895e+00
1.715687664234895e+00
1.757893653486558e+00
1.757893653486558e+00
1.825080788924796e+00
1.768455328850608e+00
1.838590655150558e+00
1.861366908895655e+00
1.852570852128307e+00
1.901330005633881e+00
1.877123613376370e+00
1.726627819002142e+00
1.726627819002142e+00
1.902407528372456e+00
1.726627819002142e+00
1.739736160181385e+00
1.949408795239118e+00
1.910978393070435e+00
1.951126834417613e+00
1.879239025279059e+00
1.898949942983853e+00
1.945435021825763e+00
1.958159534387243e+00
1.911219328246429e+00
1.947716194180845e+00
1.985062584374017e+00
1.829686258750477e+00
1.842744477267058e+00
1.841337844289315e+00
1.917243918686830e+00
1.969602695770178e+00
1.940860815182772e+00
1.927202816778923e+00
1.916457151066532e+00
1.916457151066532e+00
1.826422160039499e+00
1.801828189853816e+00
1.847515021977426e+00
1.769430905995649e+00
1.766963900593866e+00
1.788666014645518e+00
1.766051473689840e+00
1.794509526442694e+00
1.700462255894382e+00
1.877442501450699e+00
1.877442501450699e+00
1.855586428433042e+00
1.836621051769703e+00
1.836621051769703e+00
1.693608566560570e+00
1.714222913601712e+00
1.784883916782595e+00
1.691041137488190e+00
1.933630955643513e+00
1.933630955643513e+00
1.929455923269807e+00
1.989827574901166e+00
1.623130962800527e+00
1.676198713609537e+00
1.599495025312699e+00
1.610111743293429e+00
1.627678164402446e+00
1.627678164402446e+00
1.757442638294394e+00
1.937374118295412e+00
1.967862103338449e+00
1.622158866755756e+00
1.770484725335028e+00
1.775787437716524e+00
1.770617009330178e+00
1.707815138346523e+00
1.713050817483766e+00
1.719288664027557e+00
1.719288664027557e+00
1.719288664027557e+00
1.727088600353046e+00
1.962238947224673e+00
1.803333443597628e+00
1.808013000761516e+00
1.892404941902846e+00
1.805057718758967e+00
1.892404941902846e+00
1.716592476462141e+00
1.695158771174436e+00
1.933900933438868e+00
1.695158771174436e+00
1.695158771174436e+00
1.861441361649219e+00
1.648438461659342e+00
1.847906932054136e+00
1.855415926126979e+00
1.855415926126979e+00
1.617643154389030e+00
1.626296663003773e+00
1.639859822777372e+00
1.891298281554712e+00
1.646559517174947e+00
1.775305436342154e+00
1.906624186058155e+00
1.631979244749363e+00
1.984381239727969e+00
1.790494694578253e+00
1.752995129130245e+00
1.731702683226475e+00
1.926106449263624e+00
1.703434596311910e+00
1.891707542952923e+00
1.784395800658883e+00
1.906322603099393e+00
1.832247069468087e+00
1.816084904379826e+00
1.800616279890459e+00
1.782748572851744e+00
1.833116244560969e+00
1.858535952996161e+00
1.782748572851744e+00
1.830849502780854e+00
1.832933916958054e+00
1.950616460100029e+00
1.804820892794692e+00
1.726732488148219e+00
1.883918622060747e+00
1.734893689878169e+00
1.816063345999003e+00
1.969256448245906e+00
1.969201032289696e+00
1.870860421181933e+00
1.691970189673973e+00
1.797213252306900e+00
1.846633035750083e+00
1.688768078154338e+00
1.716899072512851e+00
1.958250081012519e+00
1.736490193603669e+00
1.721004665390858e+00
1.683049519342225e+00
1.710423104444567e+00
1.710423104444567e+00
1.721557449668192e+00
1.782578139988866e+00
1.773799398590992e+00
1.796983811170569e+00
1.789457645953521e+00
1.766513460047177e+00
1.800851157223453e+00
1.800121699471585e+00
1.873909272000401e+00
1.866431641817466e+00
1.820343143381307e+00
1.835154554526916e+00
1.759996094642687e+00
1.769877462468670e+00
1.820863084606114e+00
1.765561896594016e+00
1.772780071636983e+00
1.813504840144494e+00
1.775631681033808e+00
1.827891238124296e+00
1.765916648445355e+00
1.824111289726293e+00
1.823527277102585e+00
1.824428558911354e+00
1.809769820230449e+00
1.824428558911354e+00
1.820090495194036e+00
1.707657049392405e+00
1.852104351120539e+00
1.807299098826836e+00
1.656449373565729e+00
1.841607362661426e+00
1.610079047911706e+00
1.759904835264909e+00
1.847437756069518e+00
1.621931119993999e+00
1.763102604005345e+00
1.776967731466707e+00
1.777459719866158e+00
1.839880946542801e+00
1.818675367752397e+00
1.849402756300021e+00
1.695889543357954e+00
1.659899496912421e+00
1.659899496912421e+00
1.886803334577756e+00
1.740463911308351e+00
1.989020165157108e+00
1.837502516168285e+00
1.818086444277028e+00
1.842055215893734e+00
1.844113906470955e+00
1.746978816591659e+00
1.805935989576440e+00
1.871589669400782e+00
1.875538893340075e+00
1.775053011660145e+00
1.878369469206136e+00
1.888284921533597e+00
1.752351237546431e+00
1.763518160642461e+00
1.859877156017921e+00
1.729993281955666e+00
1.763518746203375e+00
1.733613638708083e+00
1.720295532965734e+00
1.789367283307235e+00
1.883228882938635e+00
1.723185810984696e+00
1.888463413831268e+00
1.723185810984696e+00
1.701386494130928e+00
1.696164149531771e+00
1.887825660199119e+00
1.907970363168964e+00
1.897169696016562e+00
1.688320464292640e+00
1.684420599912959e+00
1.781790423962578e+00
1.734383390690736e+00
1.781919061662868e+00
1.804578392469857e+00
1.846627464146447e+00
1.829775281146987e+00
1.767398404902332e+00
1.810735605380491e+00
1.872945646155100e+00
1.834089643018315e+00
1.834089643018315e+00
1.801057217395857e+00
1.815936709413035e+00
1.873469429997466e+00
1.773809058642111e+00
1.904338568470235e+00
1.843329313550337e+00
1.892391581171885e+00
1.823790814715095e+00
1.823790814715095e+00
1.826380567412943e+00
1.866042732918963e+00
1.691763880556066e+00
1.751138374866500e+00
1.713202885572654e+00
1.899606798926192e+00
1.688640933465943e+00
1.681676719613330e+00
1.953222896475623e+00
1.681676719613330e+00
1.620565023524792e+00
1.908219650691174e+00
1.615530325547707e+00
1.642182609139868e+00
1.661174272573727e+00
1.946619665811071e+00
1.847088112634496e+00
1.918507997871238e+00
1.762028246561410e+00
1.751397259004003e+00
1.751397259004003e+00
1.910554078554342e+00
1.761299555227071e+00
1.884307571756035e+00
1.700327541610286e+00
1.895197566472244e+00
1.768524169088449e+00
1.820602472903047e+00
1.927385774405125e+00
1.787429707519757e+00
1.840795995147588e+00
1.791547443426562e+00
1.899878906854337e+00
1.794138715146868e+00
1.931646653221512e+00
1.965011007088516e+00
2.037939004398177e+00
1.819617893065099e+00
2.066378820849128e+00
2.022062642533949e+00
1.709227498725387e+00
2.011987383753546e+00
1.877468694583190e+00
1.850213849799781e+00
1.848511311404344e+00
1.848511311404344e+00
1.848511311404344e+00
1.863299433035853e+00
1.867671083261970e+00
1.866986398414102e+00
1.787421714320389e+00
1.809172366349378e+00
1.809172366349378e+00
1.747511813628102e+00
1.707612823018747e+00
1.877013108547952e+00
1.877013108547952e+00
1.802113369447838e+00
1.627841243532971e+00
1.691197039208044e+00
1.728623008502799e+00
1.846777685518442e+00
1.806476550532109e+00
1.834731087457004e+00
1.774023163347942e+00
1.720693972204110e+00
1.750503396205982e+00
1.727346347489620e+00
1.708636546317727e+00
1.709724433216585e+00
1.789512155655312e+00
1.719346561386589e+00
1.717345255528137e+00
1.705525407890967e+00
1.768690337015653e+00
1.698793837045376e+00
1.760873939389105e+00
1.823879899415290e+00
1.797693346213193e+00
1.848470078260602e+00
1.750077518951793e+00
1.837001851842897e+00
1.832238837932043e+00
1.850835315751704e+00
1.836898279367026e+00
1.821399642295290e+00
1.795574084960531e+00
1.693993475491938e+00
1.828821696927129e+00
1.820531607452120e+00
1.836416819248950e+00
1.826808787858723e+00
1.832750044416699e+00
1.843377567666807e+00
1.850060215408464e+00
1.734545072011265e+00
1.776498407737435e+00
1.776498407737435e+00
1.675990639849622e+00
1.688436705907616e+00
1.731746950584530e+00
1.818827929435529e+00
1.848227161537012e+00
1.762101556450724e+00
1.769446763838303e+00
1.766034962214809e+00
1.763091186498252e+00
1.683139439574339e+00
1.735386181987207e+00
1.798854095385527e+00
1.788015708044525e+00
1.701696948980767e+00
1.748670489050725e+00
1.854547434038166e+00
1.855937908965730e+00
1.763899619614936e+00
1.743047381863074e+00
1.750724831566176e+00
1.661916148564104e+00
1.945857192159645e+00
1.649913790559283e+00
1.640672184615981e+00
1.817377236456135e+00
1.607998163522221e+00
1.619079249863414e+00
2.070752753551375e+00
2.070154941127491e+00
1.586962242408483e+00
2.008838758755924e+00
1.610521321247553e+00
1.602559059348662e+00
1.999261213978562e+00
1.596301134410779e+00
1.627994887810984e+00
1.918328325302759e+00
1.919766281424961e+00
1.923760939619928e+00
2.056219528185058e+00
2.056219528185058e+00
1.923760939619928e+00
1.646421856427426e+00
1.714371449379634e+00
1.923760939619928e+00
1.792862333947605e+00
2.044769831528261e+00
1.774870946910668e+00
1.725283815214200e+00
1.880012588515184e+00
1.726867138532654e+00
1.711925822296782e+00
1.711925822296782e+00
1.711925822296782e+00
1.700300708630178e+00
1.735026987524229e+00
1.716315804181063e+00
1.809815119412226e+00
1.817771366439483e+00
2.113586039145719e+00
1.742576161085687e+00
1.709809792363929e+00
1.782614991406577e+00
1.640683833706399e+00
1.988002952616144e+00
1.782887398429762e+00
1.774342358321148e+00
1.874155029801108e+00
1.658095838149835e+00
1.872187480470423e+00
1.895648938305227e+00
1.847960189759566e+00
1.851038857824126e+00
1.862004742178668e+00
1.785084803768008e+00
1.815621480412426e+00
1.929204733880004e+00
1.805355150229787e+00
1.788334817582197e+00
1.739520813182422e+00
1.709061582733933e+00
1.955631279182573e+00
1.826362371857371e+00
1.821837491228622e+00
1.822533352135862e+00
1.822533352135862e+00
1.884883914138403e+00
