Supplemental results for CODEML (seqf: gp120.phy  treef: gp120tree.phy)


Model 1: NearlyNeutral

dN/dS (w) for site classes (K=2)

p:   0.55706  0.44294
w:   0.08444  1.00000

Naive Empirical Bayes (NEB) probabilities for 2 classes & postmean_w
(amino acids refer to 1st sequence: af331426)

   1 L   0.38282 0.61718 ( 2)  0.650
   2 L   0.96300 0.03700 ( 1)  0.118
   3 K   0.12825 0.87175 ( 2)  0.883
   4 C   0.95524 0.04476 ( 1)  0.125
   5 N   0.00001 0.99999 ( 2)  1.000
   6 N   0.01347 0.98653 ( 2)  0.988
   7 E   0.00236 0.99764 ( 2)  0.998
   8 T   0.00000 1.00000 ( 2)  1.000
   9 F   0.38213 0.61787 ( 2)  0.650
  10 D   0.77051 0.22949 ( 1)  0.295
  11 G   0.98037 0.01963 ( 1)  0.102
  12 K   0.00043 0.99957 ( 2)  1.000
  13 G   0.99829 0.00171 ( 1)  0.086
  14 P   0.00000 1.00000 ( 2)  1.000
  15 C   0.64177 0.35823 ( 1)  0.412
  16 T   0.00000 1.00000 ( 2)  1.000
  17 N   0.00010 0.99990 ( 2)  1.000
  18 V   0.05212 0.94788 ( 2)  0.952
  19 S   0.97658 0.02342 ( 1)  0.106
  20 T   0.99934 0.00066 ( 1)  0.085
  21 V   0.99852 0.00148 ( 1)  0.086
  22 Q   0.97065 0.02935 ( 1)  0.111
  23 C   0.95377 0.04623 ( 1)  0.127
  24 T   0.99934 0.00066 ( 1)  0.085
  25 H   0.97923 0.02077 ( 1)  0.103
  26 G   0.99807 0.00193 ( 1)  0.086
  27 I   0.90358 0.09642 ( 1)  0.173
  28 R   0.00226 0.99774 ( 2)  0.998
  29 P   0.98280 0.01720 ( 1)  0.100
  30 V   0.99823 0.00177 ( 1)  0.086
  31 V   0.98978 0.01022 ( 1)  0.094
  32 S   0.96932 0.03068 ( 1)  0.113
  33 T   0.90462 0.09538 ( 1)  0.172
  34 Q   0.98115 0.01885 ( 1)  0.102
  35 L   0.74952 0.25048 ( 1)  0.314
  36 L   0.71834 0.28166 ( 1)  0.342
  37 L   0.95438 0.04562 ( 1)  0.126
  38 N   0.77214 0.22786 ( 1)  0.293
  39 G   0.90248 0.09752 ( 1)  0.174
  40 S   0.99712 0.00288 ( 1)  0.087
  41 L   0.96300 0.03700 ( 1)  0.118
  42 A   0.99781 0.00219 ( 1)  0.086
  43 E   0.99946 0.00054 ( 1)  0.085
  44 K   0.00037 0.99963 ( 2)  1.000
  45 E   0.00007 0.99993 ( 2)  1.000
  46 I   0.00037 0.99963 ( 2)  1.000
  47 I   0.00067 0.99933 ( 2)  0.999
  48 I   0.99065 0.00935 ( 1)  0.093
  49 R   0.63690 0.36310 ( 1)  0.417
  50 S   0.93638 0.06362 ( 1)  0.143
  51 D   0.01203 0.98797 ( 2)  0.989
  52 N   0.99820 0.00180 ( 1)  0.086
  53 F   0.05228 0.94772 ( 2)  0.952
  54 S   0.00205 0.99795 ( 2)  0.998
  55 N   0.00000 1.00000 ( 2)  1.000
  56 N   0.78892 0.21108 ( 1)  0.278
  57 A   0.00020 0.99980 ( 2)  1.000
  58 K   0.99963 0.00037 ( 1)  0.085
  59 V   0.00000 1.00000 ( 2)  1.000
  60 I   0.99952 0.00048 ( 1)  0.085
  61 I   0.99952 0.00048 ( 1)  0.085
  62 V   0.99881 0.00119 ( 1)  0.086
  63 Q   0.02770 0.97230 ( 2)  0.975
  64 L   0.74979 0.25021 ( 1)  0.314
  65 T   0.00008 0.99992 ( 2)  1.000
  66 K   0.00000 1.00000 ( 2)  1.000
  67 S   0.00000 1.00000 ( 2)  1.000
  68 I   0.34474 0.65526 ( 2)  0.684
  69 K   0.00000 1.00000 ( 2)  1.000
  70 I   0.99137 0.00863 ( 1)  0.092
  71 N   0.00011 0.99989 ( 2)  1.000
  72 C   0.95572 0.04428 ( 1)  0.125
  73 T   0.00007 0.99993 ( 2)  1.000
  74 R   0.99954 0.00046 ( 1)  0.085
  75 P   0.80119 0.19881 ( 1)  0.266
  76 N   0.00000 1.00000 ( 2)  1.000
  77 N   0.98034 0.01966 ( 1)  0.102
  78 N   0.97700 0.02300 ( 1)  0.106
  79 T   0.99931 0.00069 ( 1)  0.085
  80 R   0.99569 0.00431 ( 1)  0.088
  81 K   0.00765 0.99235 ( 2)  0.993
  82 S   0.00952 0.99048 ( 2)  0.991
  83 I   0.99409 0.00591 ( 1)  0.090
  84 H   0.00000 1.00000 ( 2)  1.000
  85 I   0.00032 0.99968 ( 2)  1.000
  86 A   0.97786 0.02214 ( 1)  0.105
  87 P   0.00071 0.99929 ( 2)  0.999
  88 G   0.38807 0.61193 ( 2)  0.645
  89 R   0.91194 0.08806 ( 1)  0.165
  90 A   0.01250 0.98750 ( 2)  0.989
  91 F   0.00013 0.99987 ( 2)  1.000
  92 Y   0.01516 0.98484 ( 2)  0.986
  93 A   0.19361 0.80639 ( 2)  0.823
  94 T   0.99924 0.00076 ( 1)  0.085
  95 I   0.99952 0.00048 ( 1)  0.085
  96 I   0.93198 0.06802 ( 1)  0.147
  97 G   0.99806 0.00194 ( 1)  0.086
  98 D   0.15052 0.84948 ( 2)  0.862
  99 I   0.99952 0.00048 ( 1)  0.085
 100 R   0.99958 0.00042 ( 1)  0.085
 101 K   0.03443 0.96557 ( 2)  0.968
 102 A   0.97026 0.02974 ( 1)  0.112
 103 H   0.02447 0.97553 ( 2)  0.978
 104 C   0.95572 0.04428 ( 1)  0.125
 105 N   0.02404 0.97596 ( 2)  0.978
 106 I   0.00002 0.99998 ( 2)  1.000
 107 S   0.00122 0.99878 ( 2)  0.999
 108 R   0.00000 1.00000 ( 2)  1.000
 109 T   0.00000 1.00000 ( 2)  1.000
 110 E   0.00000 1.00000 ( 2)  1.000
 111 W   0.75921 0.24079 ( 1)  0.305
 112 N   0.00003 0.99997 ( 2)  1.000
 113 D   0.00000 1.00000 ( 2)  1.000
 114 T   0.04215 0.95785 ( 2)  0.961
 115 L   0.95761 0.04239 ( 1)  0.123
 116 K   0.00000 1.00000 ( 2)  1.000
 117 Q   0.00073 0.99927 ( 2)  0.999
 118 V   0.49062 0.50938 ( 2)  0.551
 119 E   0.00000 1.00000 ( 2)  1.000
 120 K   0.80583 0.19417 ( 1)  0.262
 121 L   0.95743 0.04257 ( 1)  0.123
 122 R   0.00068 0.99932 ( 2)  0.999
 123 V   0.06591 0.93409 ( 2)  0.940
 124 Q   0.80557 0.19443 ( 1)  0.262
 125 F   0.97099 0.02901 ( 1)  0.111
 126 N   0.97330 0.02670 ( 1)  0.109
 127 K   0.93228 0.06772 ( 1)  0.146
 128 T   0.60480 0.39520 ( 1)  0.446
 129 I   0.98232 0.01768 ( 1)  0.101
 130 A   0.00000 1.00000 ( 2)  1.000
 131 F   0.97099 0.02901 ( 1)  0.111
 132 K   0.11773 0.88227 ( 2)  0.892
 133 Q   0.00000 1.00000 ( 2)  1.000
 134 S   0.79145 0.20855 ( 1)  0.275
 135 S   0.69543 0.30457 ( 1)  0.363
 136 G   0.99829 0.00171 ( 1)  0.086
 137 G   0.85053 0.14947 ( 1)  0.221
 138 D   0.95897 0.04103 ( 1)  0.122
 139 P   0.82231 0.17769 ( 1)  0.247
 140 E   0.99952 0.00048 ( 1)  0.085
 141 I   0.90422 0.09578 ( 1)  0.172
 142 V   0.31224 0.68776 ( 2)  0.714
 143 H   0.89095 0.10905 ( 1)  0.184
 144 S   0.14160 0.85840 ( 2)  0.870
 145 F   0.97099 0.02901 ( 1)  0.111
 146 N   0.99820 0.00180 ( 1)  0.086
 147 C   0.95572 0.04428 ( 1)  0.125
 148 G   0.99829 0.00171 ( 1)  0.086
 149 G   0.90182 0.09818 ( 1)  0.174
 150 E   0.99438 0.00562 ( 1)  0.090
 151 F   0.72400 0.27600 ( 1)  0.337
 152 F   0.87898 0.12102 ( 1)  0.195
 153 Y   0.83263 0.16737 ( 1)  0.238
 154 C   0.95572 0.04428 ( 1)  0.125
 155 N   0.97858 0.02142 ( 1)  0.104
 156 S   0.00349 0.99651 ( 2)  0.997
 157 T   0.99926 0.00074 ( 1)  0.085
 158 Q   0.00027 0.99973 ( 2)  1.000
 159 L   0.73205 0.26795 ( 1)  0.330
 160 F   0.96918 0.03082 ( 1)  0.113
 161 N   0.77276 0.22724 ( 1)  0.292
 162 S   0.00130 0.99870 ( 2)  0.999


lnL = -3340.794980


Model 2: PositiveSelection

dN/dS (w) for site classes (K=3)

p:   0.51488  0.37597  0.10915
w:   0.08490  1.00000  3.03863

Naive Empirical Bayes (NEB) probabilities for 3 classes & postmean_w & P(w>1)
(amino acids refer to 1st sequence: af331426)

   1 L   0.21645 0.78073 0.00282 ( 2)  0.808  0.003
   2 L   0.93137 0.06849 0.00014 ( 1)  0.148  0.000
   3 K   0.07664 0.89789 0.02547 ( 2)  0.982  0.025
   4 C   0.92561 0.07421 0.00018 ( 1)  0.153  0.000
   5 N   0.00000 0.88860 0.11140 ( 2)  1.227  0.111
   6 N   0.00480 0.98952 0.00568 ( 2)  1.007  0.006
   7 E   0.00108 0.92143 0.07748 ( 2)  1.157  0.077
   8 T   0.00000 0.06288 0.93712 ( 3)  2.910  0.937
   9 F   0.29823 0.67036 0.03140 ( 2)  0.791  0.031
  10 D   0.50064 0.49921 0.00015 ( 1)  0.542  0.000
  11 G   0.94186 0.05814 0.00000 ( 1)  0.138  0.000
  12 K   0.00012 0.98613 0.01375 ( 2)  1.028  0.014
  13 G   0.99474 0.00526 0.00000 ( 1)  0.090  0.000
  14 P   0.00000 0.03310 0.96690 ( 3)  2.971  0.967
  15 C   0.51125 0.48499 0.00376 ( 1)  0.540  0.004
  16 T   0.00000 0.00565 0.99435 ( 3)  3.027  0.994
  17 N   0.00003 0.94574 0.05423 ( 2)  1.111  0.054
  18 V   0.03576 0.86182 0.10242 ( 2)  1.176  0.102
  19 S   0.95419 0.04577 0.00004 ( 1)  0.127  0.000
  20 T   0.99738 0.00262 0.00000 ( 1)  0.087  0.000
  21 V   0.99512 0.00488 0.00000 ( 1)  0.089  0.000
  22 Q   0.94150 0.05842 0.00009 ( 1)  0.139  0.000
  23 C   0.92374 0.07606 0.00020 ( 1)  0.155  0.000
  24 T   0.99738 0.00262 0.00000 ( 1)  0.087  0.000
  25 H   0.95725 0.04272 0.00003 ( 1)  0.124  0.000
  26 G   0.99420 0.00580 0.00000 ( 1)  0.090  0.000
  27 I   0.79819 0.20166 0.00015 ( 1)  0.270  0.000
  28 R   0.00107 0.93379 0.06514 ( 2)  1.132  0.065
  29 P   0.96400 0.03598 0.00002 ( 1)  0.118  0.000
  30 V   0.99437 0.00563 0.00000 ( 1)  0.090  0.000
  31 V   0.97909 0.02090 0.00001 ( 1)  0.104  0.000
  32 S   0.94568 0.05425 0.00007 ( 1)  0.135  0.000
  33 T   0.80185 0.19804 0.00012 ( 1)  0.266  0.000
  34 Q   0.95808 0.04189 0.00003 ( 1)  0.123  0.000
  35 L   0.71181 0.26919 0.01901 ( 1)  0.387  0.019
  36 L   0.68170 0.29162 0.02667 ( 1)  0.431  0.027
  37 L   0.92101 0.07875 0.00024 ( 1)  0.158  0.000
  38 N   0.50391 0.49594 0.00015 ( 1)  0.539  0.000
  39 G   0.86878 0.13004 0.00119 ( 1)  0.207  0.001
  40 S   0.99124 0.00876 0.00000 ( 1)  0.093  0.000
  41 L   0.93137 0.06849 0.00014 ( 1)  0.148  0.000
  42 A   0.99332 0.00668 0.00000 ( 1)  0.091  0.000
  43 E   0.99789 0.00211 0.00000 ( 1)  0.087  0.000
  44 K   0.00011 0.99436 0.00553 ( 2)  1.011  0.006
  45 E   0.00002 0.46909 0.53089 ( 3)  2.082  0.531
  46 I   0.00014 0.99041 0.00945 ( 2)  1.019  0.009
  47 I   0.00020 0.99327 0.00653 ( 2)  1.013  0.007
  48 I   0.97810 0.02189 0.00001 ( 1)  0.105  0.000
  49 R   0.28947 0.71049 0.00004 ( 2)  0.735  0.000
  50 S   0.90219 0.09737 0.00044 ( 1)  0.175  0.000
  51 D   0.00447 0.98986 0.00566 ( 2)  1.007  0.006
  52 N   0.99375 0.00625 0.00000 ( 1)  0.091  0.000
  53 F   0.03369 0.85394 0.11236 ( 2)  1.198  0.112
  54 S   0.00110 0.90591 0.09299 ( 2)  1.189  0.093
  55 N   0.00000 0.21552 0.78448 ( 3)  2.599  0.784
  56 N   0.52307 0.47681 0.00012 ( 1)  0.522  0.000
  57 A   0.00009 0.85048 0.14944 ( 2)  1.305  0.149
  58 K   0.99839 0.00161 0.00000 ( 1)  0.086  0.000
  59 V   0.00000 0.04329 0.95671 ( 3)  2.950  0.957
  60 I   0.99802 0.00198 0.00000 ( 1)  0.087  0.000
  61 I   0.99802 0.00198 0.00000 ( 1)  0.087  0.000
  62 V   0.99591 0.00409 0.00000 ( 1)  0.089  0.000
  63 Q   0.01659 0.70542 0.27799 ( 2)  1.552  0.278
  64 L   0.71201 0.26919 0.01880 ( 1)  0.387  0.019
  65 T   0.00003 0.89454 0.10543 ( 2)  1.215  0.105
  66 K   0.00000 0.72781 0.27219 ( 2)  1.555  0.272
  67 S   0.00000 0.18379 0.81621 ( 3)  2.664  0.816
  68 I   0.13294 0.86685 0.00021 ( 2)  0.879  0.000
  69 K   0.00000 0.15839 0.84161 ( 3)  2.716  0.842
  70 I   0.97946 0.02054 0.00001 ( 1)  0.104  0.000
  71 N   0.00003 0.95816 0.04181 ( 2)  1.085  0.042
  72 C   0.92619 0.07364 0.00018 ( 1)  0.153  0.000
  73 T   0.00002 0.98093 0.01905 ( 2)  1.039  0.019
  74 R   0.99810 0.00190 0.00000 ( 1)  0.087  0.000
  75 P   0.76580 0.22519 0.00901 ( 1)  0.318  0.009
  76 N   0.00000 0.27069 0.72931 ( 3)  2.487  0.729
  77 N   0.95862 0.04135 0.00003 ( 1)  0.123  0.000
  78 N   0.92640 0.07359 0.00001 ( 1)  0.152  0.000
  79 T   0.99730 0.00270 0.00000 ( 1)  0.087  0.000
  80 R   0.98176 0.01824 0.00000 ( 1)  0.102  0.000
  81 K   0.00190 0.99568 0.00242 ( 2)  1.003  0.002
  82 S   0.00327 0.99040 0.00633 ( 2)  1.010  0.006
  83 I   0.97617 0.02383 0.00000 ( 1)  0.107  0.000
  84 H   0.00000 0.02965 0.97035 ( 3)  2.978  0.970
  85 I   0.00009 0.98709 0.01282 ( 2)  1.026  0.013
  86 A   0.93623 0.06377 0.00000 ( 1)  0.143  0.000
  87 P   0.00030 0.81737 0.18234 ( 2)  1.371  0.182
  88 G   0.31745 0.65467 0.02788 ( 2)  0.766  0.028
  89 R   0.73362 0.26636 0.00002 ( 1)  0.329  0.000
  90 A   0.00479 0.99127 0.00394 ( 2)  1.004  0.004
  91 F   0.00005 0.69867 0.30128 ( 2)  1.614  0.301
  92 Y   0.00813 0.93916 0.05271 ( 2)  1.100  0.053
  93 A   0.07502 0.92436 0.00062 ( 2)  0.933  0.001
  94 T   0.99708 0.00292 0.00000 ( 1)  0.088  0.000
  95 I   0.99802 0.00198 0.00000 ( 1)  0.087  0.000
  96 I   0.77168 0.22831 0.00001 ( 1)  0.294  0.000
  97 G   0.99416 0.00584 0.00000 ( 1)  0.090  0.000
  98 D   0.05810 0.94080 0.00110 ( 2)  0.949  0.001
  99 I   0.99802 0.00198 0.00000 ( 1)  0.087  0.000
 100 R   0.99825 0.00175 0.00000 ( 1)  0.086  0.000
 101 K   0.01512 0.96864 0.01624 ( 2)  1.019  0.016
 102 A   0.91706 0.08293 0.00001 ( 1)  0.161  0.000
 103 H   0.01203 0.96457 0.02340 ( 2)  1.037  0.023
 104 C   0.92619 0.07364 0.00018 ( 1)  0.153  0.000
 105 N   0.01159 0.95743 0.03099 ( 2)  1.053  0.031
 106 I   0.00000 0.56857 0.43143 ( 2)  1.880  0.431
 107 S   0.00041 0.98645 0.01314 ( 2)  1.026  0.013
 108 R   0.00000 0.95439 0.04561 ( 2)  1.093  0.046
 109 T   0.00000 0.82974 0.17026 ( 2)  1.347  0.170
 110 E   0.00000 0.23468 0.76532 ( 3)  2.560  0.765
 111 W   0.72023 0.26325 0.01651 ( 1)  0.375  0.017
 112 N   0.00001 0.81693 0.18306 ( 2)  1.373  0.183
 113 D   0.00000 0.00122 0.99878 ( 3)  3.036  0.999
 114 T   0.02018 0.96909 0.01073 ( 2)  1.003  0.011
 115 L   0.92533 0.07446 0.00020 ( 1)  0.154  0.000
 116 K   0.00000 0.46633 0.53367 ( 3)  2.088  0.534
 117 Q   0.00017 0.29341 0.70642 ( 3)  2.440  0.706
 118 V   0.20062 0.79918 0.00020 ( 2)  0.817  0.000
 119 E   0.00000 0.01404 0.98596 ( 3)  3.010  0.986
 120 K   0.51957 0.48027 0.00016 ( 1)  0.525  0.000
 121 L   0.92515 0.07464 0.00021 ( 1)  0.154  0.000
 122 R   0.00017 0.99699 0.00283 ( 2)  1.006  0.003
 123 V   0.01880 0.98076 0.00043 ( 2)  0.984  0.000
 124 Q   0.64964 0.34953 0.00082 ( 1)  0.407  0.001
 125 F   0.94441 0.05552 0.00007 ( 1)  0.136  0.000
 126 N   0.91717 0.08282 0.00001 ( 1)  0.161  0.000
 127 K   0.76827 0.23171 0.00002 ( 1)  0.297  0.000
 128 T   0.29106 0.70878 0.00016 ( 2)  0.734  0.000
 129 I   0.93263 0.06736 0.00000 ( 1)  0.147  0.000
 130 A   0.00000 0.05773 0.94227 ( 3)  2.921  0.942
 131 F   0.94441 0.05552 0.00007 ( 1)  0.136  0.000
 132 K   0.04391 0.95335 0.00274 ( 2)  0.965  0.003
 133 Q   0.00000 0.22392 0.77608 ( 3)  2.582  0.776
 134 S   0.75581 0.23395 0.01024 ( 1)  0.329  0.010
 135 S   0.56421 0.43355 0.00224 ( 1)  0.488  0.002
 136 G   0.99474 0.00526 0.00000 ( 1)  0.090  0.000
 137 G   0.81663 0.17958 0.00380 ( 1)  0.260  0.004
 138 D   0.92999 0.06987 0.00015 ( 1)  0.149  0.000
 139 P   0.68706 0.31244 0.00049 ( 1)  0.372  0.000
 140 E   0.99808 0.00192 0.00000 ( 1)  0.087  0.000
 141 I   0.79889 0.20096 0.00015 ( 1)  0.269  0.000
 142 V   0.12011 0.87962 0.00027 ( 2)  0.891  0.000
 143 H   0.84988 0.14827 0.00185 ( 1)  0.226  0.002
 144 S   0.05365 0.94505 0.00130 ( 2)  0.954  0.001
 145 F   0.94441 0.05552 0.00007 ( 1)  0.136  0.000
 146 N   0.99375 0.00625 0.00000 ( 1)  0.091  0.000
 147 C   0.92619 0.07364 0.00018 ( 1)  0.153  0.000
 148 G   0.99474 0.00526 0.00000 ( 1)  0.090  0.000
 149 G   0.86812 0.13066 0.00122 ( 1)  0.208  0.001
 150 E   0.97779 0.02221 0.00000 ( 1)  0.105  0.000
 151 F   0.57605 0.42206 0.00189 ( 1)  0.477  0.002
 152 F   0.83691 0.16059 0.00250 ( 1)  0.239  0.003
 153 Y   0.79418 0.20016 0.00567 ( 1)  0.285  0.006
 154 C   0.92619 0.07364 0.00018 ( 1)  0.153  0.000
 155 N   0.92993 0.07006 0.00001 ( 1)  0.149  0.000
 156 S   0.00165 0.94666 0.05169 ( 2)  1.104  0.052
 157 T   0.99711 0.00289 0.00000 ( 1)  0.088  0.000
 158 Q   0.00011 0.88161 0.11828 ( 2)  1.241  0.118
 159 L   0.69526 0.28216 0.02258 ( 1)  0.410  0.023
 160 F   0.94182 0.05810 0.00008 ( 1)  0.138  0.000
 161 N   0.50450 0.49535 0.00014 ( 1)  0.539  0.000
 162 S   0.00047 0.98766 0.01188 ( 2)  1.024  0.012

Positively selected sites

	Prob(w>1)  mean w

     8 T      0.937         2.910
    14 P      0.967*        2.971
    16 T      0.994**       3.027
    45 E      0.531         2.082
    55 N      0.784         2.599
    59 V      0.957*        2.950
    67 S      0.816         2.664
    69 K      0.842         2.716
    76 N      0.729         2.487
    84 H      0.970*        2.978
   110 E      0.765         2.560
   113 D      0.999**       3.036
   116 K      0.534         2.088
   117 Q      0.706         2.440
   119 E      0.986*        3.010
   130 A      0.942         2.921
   133 Q      0.776         2.582


lnL = -3324.531002

Bayes Empirical Bayes (BEB) probabilities for 3 classes (class) & postmean_w
(amino acids refer to 1st sequence: af331426)

   1 L   0.16155 0.83177 0.00668 ( 2)  0.866 +-  0.358
   2 L   0.92753 0.07214 0.00033 ( 1)  0.138 +-  0.248
   3 K   0.06418 0.89667 0.03915 ( 2)  1.008 +-  0.401
   4 C   0.92134 0.07825 0.00041 ( 1)  0.144 +-  0.258
   5 N   0.00003 0.85240 0.14757 ( 2)  1.246 +-  0.610
   6 N   0.00901 0.97716 0.01383 ( 2)  1.014 +-  0.202
   7 E   0.00211 0.89477 0.10312 ( 2)  1.172 +-  0.529
   8 T   0.00000 0.07491 0.92509 ( 3)  2.931 +-  0.774
   9 F   0.23846 0.71806 0.04348 ( 2)  0.857 +-  0.560
  10 D   0.35917 0.64012 0.00071 ( 2)  0.674 +-  0.440
  11 G   0.91766 0.08232 0.00002 ( 1)  0.147 +-  0.259
  12 K   0.00062 0.97181 0.02758 ( 2)  1.043 +-  0.265
  13 G   0.99467 0.00533 0.00000 ( 1)  0.075 +-  0.078
  14 P   0.00000 0.04265 0.95735 ( 3)  2.997 +-  0.695
  15 C   0.42454 0.56764 0.00781 ( 2)  0.622 +-  0.487
  16 T   0.00000 0.00701 0.99299 ( 3)  3.079 +-  0.593
  17 N   0.00017 0.91436 0.08547 ( 2)  1.139 +-  0.464
  18 V   0.03116 0.84908 0.11976 ( 2)  1.184 +-  0.622
  19 S   0.95193 0.04795 0.00012 ( 1)  0.115 +-  0.204
  20 T   0.99737 0.00263 0.00000 ( 1)  0.072 +-  0.062
  21 V   0.99506 0.00494 0.00000 ( 1)  0.074 +-  0.076
  22 Q   0.93837 0.06141 0.00022 ( 1)  0.128 +-  0.230
  23 C   0.91934 0.08022 0.00044 ( 1)  0.146 +-  0.261
  24 T   0.99737 0.00263 0.00000 ( 1)  0.072 +-  0.062
  25 H   0.95518 0.04473 0.00009 ( 1)  0.112 +-  0.198
  26 G   0.99412 0.00588 0.00000 ( 1)  0.075 +-  0.081
  27 I   0.72928 0.27017 0.00056 ( 1)  0.325 +-  0.416
  28 R   0.00211 0.90618 0.09171 ( 2)  1.150 +-  0.494
  29 P   0.96236 0.03758 0.00006 ( 1)  0.105 +-  0.182
  30 V   0.99429 0.00571 0.00000 ( 1)  0.075 +-  0.081
  31 V   0.97836 0.02162 0.00002 ( 1)  0.090 +-  0.141
  32 S   0.94284 0.05697 0.00018 ( 1)  0.123 +-  0.222
  33 T   0.73361 0.26593 0.00046 ( 1)  0.321 +-  0.414
  34 Q   0.95607 0.04384 0.00009 ( 1)  0.111 +-  0.196
  35 L   0.69348 0.28330 0.02322 ( 1)  0.397 +-  0.562
  36 L   0.66212 0.30631 0.03157 ( 1)  0.443 +-  0.611
  37 L   0.91642 0.08306 0.00052 ( 1)  0.148 +-  0.265
  38 N   0.36175 0.63755 0.00070 ( 2)  0.672 +-  0.441
  39 G   0.86029 0.13766 0.00205 ( 1)  0.203 +-  0.341
  40 S   0.99105 0.00894 0.00000 ( 1)  0.078 +-  0.096
  41 L   0.92753 0.07214 0.00033 ( 1)  0.138 +-  0.248
  42 A   0.99320 0.00680 0.00000 ( 1)  0.076 +-  0.086
  43 E   0.99789 0.00211 0.00000 ( 1)  0.072 +-  0.058
  44 K   0.00058 0.98373 0.01569 ( 2)  1.024 +-  0.194
  45 E   0.00006 0.49691 0.50303 ( 3)  1.981 +-  1.044
  46 I   0.00060 0.97544 0.02396 ( 2)  1.037 +-  0.240
  47 I   0.00079 0.98108 0.01813 ( 2)  1.027 +-  0.209
  48 I   0.97731 0.02266 0.00002 ( 1)  0.091 +-  0.144
  49 R   0.19604 0.80368 0.00028 ( 2)  0.827 +-  0.353
  50 S   0.89620 0.10292 0.00088 ( 1)  0.168 +-  0.294
  51 D   0.00845 0.97737 0.01419 ( 2)  1.015 +-  0.202
  52 N   0.99366 0.00634 0.00000 ( 1)  0.076 +-  0.084
  53 F   0.02941 0.84136 0.12924 ( 2)  1.203 +-  0.645
  54 S   0.00212 0.88118 0.11670 ( 2)  1.199 +-  0.572
  55 N   0.00000 0.25698 0.74302 ( 3)  2.504 +-  1.001
  56 N   0.37699 0.62243 0.00058 ( 2)  0.658 +-  0.444
  57 A   0.00027 0.82243 0.17730 ( 2)  1.304 +-  0.678
  58 K   0.99840 0.00160 0.00000 ( 1)  0.071 +-  0.054
  59 V   0.00000 0.05094 0.94906 ( 3)  2.986 +-  0.720
  60 I   0.99802 0.00198 0.00000 ( 1)  0.072 +-  0.057
  61 I   0.99802 0.00198 0.00000 ( 1)  0.072 +-  0.057
  62 V   0.99587 0.00412 0.00000 ( 1)  0.074 +-  0.072
  63 Q   0.01471 0.70463 0.28066 ( 2)  1.523 +-  0.916
  64 L   0.69369 0.28331 0.02300 ( 1)  0.397 +-  0.561
  65 T   0.00014 0.86453 0.13534 ( 2)  1.229 +-  0.599
  66 K   0.00000 0.70613 0.29387 ( 2)  1.508 +-  0.821
  67 S   0.00000 0.21425 0.78575 ( 3)  2.613 +-  0.975
  68 I   0.11094 0.88806 0.00101 ( 2)  0.905 +-  0.279
  69 K   0.00000 0.21294 0.78706 ( 3)  2.581 +-  0.950
  70 I   0.97875 0.02124 0.00002 ( 1)  0.090 +-  0.140
  71 N   0.00019 0.92830 0.07151 ( 2)  1.114 +-  0.422
  72 C   0.92196 0.07763 0.00040 ( 1)  0.143 +-  0.257
  73 T   0.00012 0.95748 0.04240 ( 2)  1.066 +-  0.319
  74 R   0.99810 0.00190 0.00000 ( 1)  0.071 +-  0.057
  75 P   0.75030 0.23777 0.01194 ( 1)  0.324 +-  0.479
  76 N   0.00000 0.31589 0.68411 ( 3)  2.367 +-  1.030
  77 N   0.95665 0.04326 0.00009 ( 1)  0.110 +-  0.195
  78 N   0.89620 0.10376 0.00004 ( 1)  0.167 +-  0.286
  79 T   0.99729 0.00271 0.00000 ( 1)  0.072 +-  0.063
  80 R   0.97447 0.02553 0.00000 ( 1)  0.094 +-  0.152
  81 K   0.00551 0.98754 0.00695 ( 2)  1.006 +-  0.144
  82 S   0.00641 0.97749 0.01610 ( 2)  1.019 +-  0.209
  83 I   0.96654 0.03346 0.00000 ( 1)  0.101 +-  0.172
  84 H   0.00000 0.03684 0.96316 ( 3)  3.013 +-  0.682
  85 I   0.00047 0.97144 0.02809 ( 2)  1.044 +-  0.264
  86 A   0.90977 0.09021 0.00002 ( 1)  0.155 +-  0.269
  87 P   0.00061 0.79530 0.20409 ( 2)  1.356 +-  0.732
  88 G   0.25436 0.70642 0.03922 ( 2)  0.835 +-  0.554
  89 R   0.57933 0.42054 0.00013 ( 1)  0.467 +-  0.456
  90 A   0.00903 0.97983 0.01113 ( 2)  1.009 +-  0.183
  91 F   0.00015 0.69507 0.30478 ( 2)  1.555 +-  0.880
  92 Y   0.01008 0.91562 0.07431 ( 2)  1.115 +-  0.459
  93 A   0.07211 0.92549 0.00239 ( 2)  0.941 +-  0.238
  94 T   0.99707 0.00293 0.00000 ( 1)  0.072 +-  0.064
  95 I   0.99802 0.00198 0.00000 ( 1)  0.072 +-  0.057
  96 I   0.62523 0.37467 0.00010 ( 1)  0.424 +-  0.448
  97 G   0.99407 0.00593 0.00000 ( 1)  0.075 +-  0.082
  98 D   0.05892 0.93736 0.00373 ( 2)  0.955 +-  0.226
  99 I   0.99802 0.00198 0.00000 ( 1)  0.072 +-  0.057
 100 R   0.99826 0.00174 0.00000 ( 1)  0.071 +-  0.056
 101 K   0.01832 0.95150 0.03019 ( 2)  1.032 +-  0.303
 102 A   0.88313 0.11683 0.00004 ( 1)  0.180 +-  0.301
 103 H   0.01479 0.94496 0.04025 ( 2)  1.052 +-  0.341
 104 C   0.92196 0.07763 0.00040 ( 1)  0.143 +-  0.257
 105 N   0.01418 0.93691 0.04890 ( 2)  1.068 +-  0.377
 106 I   0.00002 0.58386 0.41611 ( 2)  1.786 +-  0.987
 107 S   0.00133 0.96952 0.02914 ( 2)  1.044 +-  0.269
 108 R   0.00001 0.92093 0.07905 ( 2)  1.127 +-  0.441
 109 T   0.00000 0.78987 0.21013 ( 2)  1.351 +-  0.702
 110 E   0.00000 0.28874 0.71126 ( 3)  2.414 +-  1.006
 111 W   0.70225 0.27722 0.02052 ( 1)  0.384 +-  0.545
 112 N   0.00004 0.78905 0.21091 ( 2)  1.363 +-  0.729
 113 D   0.00000 0.00168 0.99832 ( 3)  3.089 +-  0.575
 114 T   0.02381 0.95465 0.02153 ( 2)  1.013 +-  0.270
 115 L   0.92106 0.07849 0.00045 ( 1)  0.144 +-  0.258
 116 K   0.00000 0.50294 0.49706 ( 2)  1.936 +-  1.005
 117 Q   0.00025 0.31744 0.68231 ( 3)  2.400 +-  1.062
 118 V   0.14935 0.84981 0.00084 ( 2)  0.870 +-  0.317
 119 E   0.00000 0.01713 0.98287 ( 3)  3.057 +-  0.626
 120 K   0.37233 0.62701 0.00066 ( 2)  0.662 +-  0.443
 121 L   0.92087 0.07867 0.00046 ( 1)  0.144 +-  0.259
 122 R   0.00090 0.98981 0.00929 ( 2)  1.013 +-  0.150
 123 V   0.02980 0.96829 0.00191 ( 2)  0.977 +-  0.160
 124 Q   0.56132 0.43636 0.00231 ( 1)  0.486 +-  0.469
 125 F   0.94148 0.05834 0.00019 ( 1)  0.125 +-  0.224
 126 N   0.88346 0.11649 0.00005 ( 1)  0.179 +-  0.301
 127 K   0.62131 0.37856 0.00013 ( 1)  0.428 +-  0.449
 128 T   0.20901 0.79022 0.00076 ( 2)  0.814 +-  0.367
 129 I   0.90343 0.09654 0.00002 ( 1)  0.161 +-  0.277
 130 A   0.00000 0.06848 0.93152 ( 3)  2.946 +-  0.760
 131 F   0.94148 0.05834 0.00019 ( 1)  0.125 +-  0.224
 132 K   0.04678 0.94606 0.00716 ( 2)  0.971 +-  0.228
 133 Q   0.00000 0.26556 0.73444 ( 3)  2.484 +-  1.007
 134 S   0.73971 0.24689 0.01340 ( 1)  0.336 +-  0.492
 135 S   0.47503 0.51983 0.00514 ( 2)  0.571 +-  0.482
 136 G   0.99467 0.00533 0.00000 ( 1)  0.075 +-  0.078
 137 G   0.80439 0.19002 0.00559 ( 1)  0.262 +-  0.410
 138 D   0.92603 0.07362 0.00035 ( 1)  0.139 +-  0.250
 139 P   0.60125 0.39721 0.00155 ( 1)  0.447 +-  0.461
 140 E   0.99808 0.00192 0.00000 ( 1)  0.072 +-  0.057
 141 I   0.73012 0.26934 0.00054 ( 1)  0.324 +-  0.416
 142 V   0.10295 0.89585 0.00120 ( 2)  0.912 +-  0.271
 143 H   0.84000 0.15699 0.00301 ( 1)  0.224 +-  0.366
 144 S   0.05526 0.94051 0.00424 ( 2)  0.959 +-  0.223
 145 F   0.94148 0.05834 0.00019 ( 1)  0.125 +-  0.224
 146 N   0.99366 0.00634 0.00000 ( 1)  0.076 +-  0.084
 147 C   0.92196 0.07763 0.00040 ( 1)  0.143 +-  0.257
 148 G   0.99467 0.00533 0.00000 ( 1)  0.075 +-  0.078
 149 G   0.85959 0.13831 0.00210 ( 1)  0.204 +-  0.342
 150 E   0.96878 0.03121 0.00000 ( 1)  0.099 +-  0.166
 151 F   0.48661 0.50888 0.00451 ( 2)  0.559 +-  0.480
 152 F   0.82609 0.17001 0.00390 ( 1)  0.239 +-  0.383
 153 Y   0.78043 0.21163 0.00794 ( 1)  0.288 +-  0.439
 154 C   0.92196 0.07763 0.00040 ( 1)  0.143 +-  0.257
 155 N   0.90106 0.09890 0.00003 ( 1)  0.163 +-  0.280
 156 S   0.00320 0.92328 0.07352 ( 2)  1.120 +-  0.450
 157 T   0.99710 0.00290 0.00000 ( 1)  0.072 +-  0.064
 158 Q   0.00034 0.85091 0.14875 ( 2)  1.251 +-  0.621
 159 L   0.67618 0.29665 0.02717 ( 1)  0.421 +-  0.587
 160 F   0.93871 0.06108 0.00021 ( 1)  0.127 +-  0.229
 161 N   0.36220 0.63712 0.00068 ( 2)  0.672 +-  0.441
 162 S   0.00150 0.97193 0.02657 ( 2)  1.040 +-  0.257

Positively selected sites

	Prob(w>1)  mean w

     8 T      0.925         2.931 +- 0.774
    14 P      0.957*        2.997 +- 0.695
    16 T      0.993**       3.079 +- 0.593
    45 E      0.503         1.981 +- 1.044
    55 N      0.743         2.504 +- 1.001
    59 V      0.949         2.986 +- 0.720
    67 S      0.786         2.613 +- 0.975
    69 K      0.787         2.581 +- 0.950
    76 N      0.684         2.367 +- 1.030
    84 H      0.963*        3.013 +- 0.682
   110 E      0.711         2.414 +- 1.006
   113 D      0.998**       3.089 +- 0.575
   117 Q      0.682         2.400 +- 1.062
   119 E      0.983*        3.057 +- 0.626
   130 A      0.932         2.946 +- 0.760
   133 Q      0.734         2.484 +- 1.007

