

Model 1: NearlyNeutral

TREE # 1
   1   3344.84627 x   0.00000  0.00890  0.00000  0.00000  0.00319  0.16842  0.05913  0.01540  0.02016  0.02103  0.00606  0.06770  0.09237  0.01975  0.04027  0.05342  0.06344  0.04095  0.01755  0.00988  0.24431  0.00138  0.00689  0.01649  0.02681  0.34558  0.17258  0.16660  0.05679  0.10167  0.10561  0.04413  0.29514  0.21952  0.15802  0.09973  0.07316  0.00238  0.00948  0.00000  0.01198  0.01716  0.01567  0.08542  0.01850  0.05038  0.01035  0.00577  0.00000  0.00135  0.02399  0.00135  0.03010  0.25548  0.00000  0.00113  0.00393  0.00000  0.19777  0.21869  0.00740  0.00000  0.00000  0.00000  0.00929  0.00000  0.00000  0.00000  0.00000  0.00000  3.28672  0.58045  0.09197
   2   3342.58053 x   0.00264  0.00992  0.00000  0.00000  0.00489  0.16941  0.05962  0.01597  0.02043  0.02110  0.00552  0.06859  0.09344  0.01986  0.04058  0.05383  0.06392  0.04116  0.01776  0.00958  0.24523  0.00256  0.00660  0.01778  0.02670  0.34874  0.17392  0.16759  0.05651  0.10269  0.10638  0.04445  0.29769  0.22131  0.15938  0.09998  0.07376  0.00142  0.00422  0.00000  0.01205  0.01822  0.01677  0.08684  0.01869  0.05053  0.00334  0.00622  0.00000  0.00240  0.02509  0.00248  0.03028  0.25752  0.00000  0.00205  0.00542  0.00000  0.19886  0.22012  0.00677  0.00000  0.00000  0.00000  0.00489  0.00000  0.00000  0.00000  0.00000  0.00000  3.35888  0.56806  0.08433
   3   3340.88094 x   0.00279  0.00992  0.00000  0.00000  0.00625  0.17001  0.05950  0.01600  0.02050  0.02117  0.00522  0.06903  0.09384  0.01989  0.04075  0.05405  0.06420  0.04130  0.01783  0.00942  0.24546  0.00546  0.00641  0.01802  0.02662  0.35017  0.17467  0.16822  0.05655  0.10304  0.10672  0.04462  0.29877  0.22220  0.16031  0.09834  0.07444  0.00042  0.00607  0.00000  0.01210  0.01836  0.01782  0.08810  0.01824  0.05060  0.00592  0.00620  0.00000  0.00534  0.02531  0.00597  0.03032  0.25894  0.00000  0.00502  0.00635  0.00000  0.19954  0.22095  0.00644  0.00000  0.00000  0.00000  0.00632  0.00000  0.00000  0.00000  0.00000  0.00000  3.36121  0.56545  0.08422
   4   3340.80320 x   0.00284  0.00992  0.00000  0.00000  0.00631  0.17066  0.05973  0.01611  0.02057  0.02115  0.00533  0.06932  0.09422  0.01999  0.04091  0.05427  0.06446  0.04147  0.01794  0.00948  0.24633  0.00605  0.00641  0.01813  0.02680  0.35155  0.17533  0.16890  0.05682  0.10347  0.10718  0.04481  0.30000  0.22306  0.16106  0.09810  0.07506  0.00019  0.00615  0.00000  0.01215  0.01845  0.01813  0.08870  0.01806  0.05078  0.00620  0.00622  0.00000  0.00612  0.02546  0.00714  0.03054  0.26004  0.00000  0.00608  0.00638  0.00000  0.20029  0.22188  0.00646  0.00000  0.00000  0.00000  0.00636  0.00000  0.00000  0.00000  0.00000  0.00000  3.36104  0.56143  0.08439
   5   3340.79610 x   0.00289  0.00992  0.00000  0.00000  0.00633  0.17125  0.05980  0.01621  0.02064  0.02095  0.00538  0.06949  0.09453  0.02005  0.04106  0.05445  0.06468  0.04163  0.01801  0.00949  0.24718  0.00614  0.00643  0.01814  0.02681  0.35274  0.17594  0.16946  0.05696  0.10379  0.10750  0.04496  0.30094  0.22373  0.16170  0.09765  0.07550  0.00000  0.00617  0.00000  0.01218  0.01850  0.01838  0.08917  0.01791  0.05089  0.00623  0.00624  0.00000  0.00627  0.02556  0.00746  0.03049  0.26078  0.00000  0.00639  0.00640  0.00000  0.20077  0.22239  0.00647  0.00000  0.00000  0.00000  0.00638  0.00000  0.00000  0.00000  0.00000  0.00000  3.36186  0.55919  0.08442
   6   3340.79515 x   0.00291  0.00992  0.00000  0.00000  0.00634  0.17146  0.05988  0.01626  0.02067  0.02094  0.00541  0.06957  0.09464  0.02007  0.04111  0.05452  0.06476  0.04169  0.01803  0.00950  0.24749  0.00615  0.00644  0.01816  0.02683  0.35317  0.17616  0.16967  0.05703  0.10391  0.10762  0.04501  0.30130  0.22399  0.16189  0.09775  0.07559  0.00000  0.00618  0.00000  0.01220  0.01852  0.01840  0.08928  0.01793  0.05095  0.00624  0.00625  0.00000  0.00627  0.02560  0.00747  0.03052  0.26109  0.00000  0.00640  0.00641  0.00000  0.20100  0.22266  0.00648  0.00000  0.00000  0.00000  0.00639  0.00000  0.00000  0.00000  0.00000  0.00000  3.36244  0.55790  0.08444
   7   3340.79501 x   0.00291  0.00992  0.00000  0.00000  0.00634  0.17153  0.05992  0.01627  0.02068  0.02095  0.00542  0.06960  0.09468  0.02008  0.04113  0.05455  0.06479  0.04170  0.01804  0.00951  0.24759  0.00615  0.00644  0.01818  0.02685  0.35331  0.17622  0.16973  0.05705  0.10396  0.10767  0.04503  0.30142  0.22407  0.16195  0.09780  0.07563  0.00000  0.00618  0.00000  0.01221  0.01853  0.01841  0.08932  0.01794  0.05097  0.00624  0.00625  0.00000  0.00628  0.02561  0.00748  0.03055  0.26120  0.00000  0.00640  0.00641  0.00000  0.20109  0.22276  0.00648  0.00000  0.00000  0.00000  0.00639  0.00000  0.00000  0.00000  0.00000  0.00000  3.36272  0.55739  0.08444
   8   3340.79499 x   0.00291  0.00992  0.00000  0.00000  0.00634  0.17156  0.05993  0.01627  0.02069  0.02095  0.00542  0.06961  0.09470  0.02009  0.04114  0.05456  0.06480  0.04171  0.01805  0.00951  0.24764  0.00615  0.00645  0.01818  0.02685  0.35338  0.17627  0.16977  0.05706  0.10398  0.10769  0.04504  0.30148  0.22412  0.16199  0.09781  0.07564  0.00000  0.00618  0.00000  0.01221  0.01853  0.01841  0.08933  0.01794  0.05098  0.00624  0.00625  0.00000  0.00628  0.02561  0.00748  0.03055  0.26125  0.00000  0.00640  0.00641  0.00000  0.20113  0.22280  0.00648  0.00000  0.00000  0.00000  0.00639  0.00000  0.00000  0.00000  0.00000  0.00000  3.36283  0.55721  0.08444
   9   3340.79498 x   0.00292  0.00992  0.00000  0.00000  0.00635  0.17158  0.05994  0.01628  0.02069  0.02095  0.00542  0.06962  0.09471  0.02009  0.04114  0.05456  0.06481  0.04172  0.01805  0.00951  0.24767  0.00615  0.00645  0.01818  0.02685  0.35342  0.17628  0.16979  0.05706  0.10399  0.10770  0.04505  0.30151  0.22414  0.16200  0.09782  0.07565  0.00000  0.00618  0.00000  0.01221  0.01854  0.01841  0.08934  0.01794  0.05099  0.00624  0.00625  0.00000  0.00628  0.02562  0.00748  0.03055  0.26127  0.00000  0.00640  0.00641  0.00000  0.20114  0.22282  0.00648  0.00000  0.00000  0.00000  0.00639  0.00000  0.00000  0.00000  0.00000  0.00000  3.36288  0.55712  0.08444
  10   3340.79498 x   0.00292  0.00992  0.00000  0.00000  0.00635  0.17159  0.05994  0.01628  0.02069  0.02096  0.00542  0.06962  0.09471  0.02009  0.04115  0.05457  0.06481  0.04172  0.01805  0.00951  0.24768  0.00615  0.00645  0.01818  0.02685  0.35344  0.17629  0.16980  0.05706  0.10399  0.10770  0.04505  0.30152  0.22415  0.16201  0.09782  0.07565  0.00000  0.00618  0.00000  0.01221  0.01854  0.01841  0.08935  0.01795  0.05099  0.00624  0.00625  0.00000  0.00628  0.02562  0.00748  0.03055  0.26128  0.00000  0.00640  0.00641  0.00000  0.20115  0.22283  0.00648  0.00000  0.00000  0.00000  0.00639  0.00000  0.00000  0.00000  0.00000  0.00000  3.36291  0.55709  0.08444
  11   3340.79498 x   0.00292  0.00992  0.00000  0.00000  0.00635  0.17160  0.05994  0.01628  0.02069  0.02096  0.00541  0.06962  0.09471  0.02009  0.04115  0.05457  0.06481  0.04172  0.01805  0.00951  0.24769  0.00615  0.00645  0.01818  0.02685  0.35344  0.17630  0.16980  0.05706  0.10400  0.10771  0.04505  0.30153  0.22416  0.16201  0.09783  0.07565  0.00000  0.00618  0.00000  0.01221  0.01854  0.01841  0.08935  0.01795  0.05099  0.00624  0.00625  0.00000  0.00628  0.02562  0.00748  0.03055  0.26128  0.00000  0.00640  0.00641  0.00000  0.20116  0.22283  0.00648  0.00000  0.00000  0.00000  0.00639  0.00000  0.00000  0.00000  0.00000  0.00000  3.36291  0.55707  0.08444
  12   3340.79498 x   0.00292  0.00992  0.00000  0.00000  0.00635  0.17160  0.05994  0.01628  0.02069  0.02096  0.00541  0.06962  0.09472  0.02009  0.04115  0.05457  0.06481  0.04172  0.01805  0.00951  0.24769  0.00615  0.00645  0.01818  0.02685  0.35345  0.17630  0.16980  0.05707  0.10400  0.10771  0.04505  0.30153  0.22416  0.16201  0.09783  0.07565  0.00000  0.00618  0.00000  0.01221  0.01854  0.01841  0.08935  0.01795  0.05099  0.00624  0.00625  0.00000  0.00628  0.02562  0.00748  0.03055  0.26129  0.00000  0.00640  0.00641  0.00000  0.20116  0.22283  0.00648  0.00000  0.00000  0.00000  0.00639  0.00000  0.00000  0.00000  0.00000  0.00000  3.36291  0.55706  0.08444


Model 2: PositiveSelection

TREE # 1
   1   3328.06153 x   0.00300  0.00997  0.00000  0.00000  0.00444  0.18006  0.06672  0.01302  0.02211  0.02024  0.00808  0.07926  0.10238  0.01789  0.04251  0.05633  0.06860  0.04001  0.01021  0.01194  0.26696  0.00608  0.00366  0.02092  0.02592  0.38472  0.18850  0.17879  0.06329  0.11125  0.11775  0.04418  0.32614  0.23629  0.17137  0.09994  0.08217  0.00000  0.00518  0.00000  0.01221  0.01887  0.01485  0.09641  0.00796  0.05313  0.00501  0.00522  0.00000  0.00289  0.02642  0.01829  0.02614  0.28046  0.00000  0.00219  0.00325  0.00000  0.21702  0.23648  0.01470  0.00000  0.00000  0.00000  0.00349  0.00000  0.00000  0.00000  0.00000  0.00000  3.67359  1.39082  1.01799  0.09382  2.54690
   2   3325.34860 x   0.00303  0.00997  0.00000  0.00000  0.00511  0.17725  0.06636  0.01546  0.02222  0.01932  0.00840  0.07838  0.10186  0.01717  0.04202  0.05567  0.06805  0.03930  0.00753  0.01306  0.26757  0.00631  0.00525  0.02132  0.02527  0.38562  0.18786  0.17724  0.06312  0.11110  0.11789  0.04239  0.32773  0.23523  0.17030  0.10049  0.07935  0.00111  0.00614  0.00000  0.01258  0.01911  0.01750  0.09471  0.01257  0.05276  0.00611  0.00629  0.00000  0.00450  0.02682  0.01376  0.02545  0.27981  0.00000  0.00366  0.00491  0.00000  0.21652  0.23636  0.01106  0.00000  0.00000  0.00000  0.00509  0.00000  0.00000  0.00000  0.00000  0.00000  3.70957  1.56757  1.25384  0.08465  2.99404
   3   3324.75209 x   0.00300  0.00997  0.00000  0.00000  0.00564  0.17691  0.06673  0.01601  0.02243  0.01964  0.00851  0.07925  0.10209  0.01715  0.04196  0.05564  0.06805  0.03921  0.00716  0.01332  0.26796  0.00627  0.00625  0.02154  0.02533  0.38611  0.18795  0.17735  0.06320  0.11147  0.11859  0.04226  0.32850  0.23549  0.17031  0.10318  0.07828  0.00015  0.00635  0.00000  0.01261  0.01913  0.01877  0.09572  0.01637  0.05286  0.00639  0.00654  0.00000  0.00589  0.02667  0.01113  0.02550  0.28040  0.00000  0.00530  0.00618  0.00000  0.21646  0.23670  0.00418  0.00000  0.00000  0.00000  0.00617  0.00000  0.00000  0.00000  0.00000  0.00000  3.71173  1.57832  1.25395  0.08485  3.02553
   4   3324.56715 x   0.00303  0.00997  0.00000  0.00000  0.00680  0.17695  0.06677  0.01592  0.02250  0.01941  0.00857  0.07958  0.10232  0.01718  0.04203  0.05574  0.06819  0.03926  0.00702  0.01337  0.26853  0.00626  0.00648  0.02159  0.02540  0.38681  0.18824  0.17767  0.06331  0.11174  0.11889  0.04228  0.32913  0.23593  0.17097  0.10317  0.07773  0.00000  0.00637  0.00000  0.01263  0.01916  0.01903  0.09605  0.01795  0.05295  0.00640  0.00656  0.00000  0.00646  0.02662  0.00611  0.02545  0.28048  0.00000  0.00636  0.00661  0.00000  0.21648  0.23670  0.00574  0.00000  0.00000  0.00000  0.00646  0.00000  0.00000  0.00000  0.00000  0.00000  3.71094  1.57443  1.25497  0.08482  3.02716
   5   3324.53246 x   0.00306  0.00997  0.00000  0.00000  0.00648  0.17737  0.06703  0.01599  0.02264  0.01934  0.00862  0.07988  0.10260  0.01719  0.04213  0.05587  0.06837  0.03934  0.00693  0.01342  0.26928  0.00627  0.00651  0.02165  0.02544  0.38782  0.18873  0.17810  0.06345  0.11204  0.11922  0.04235  0.32998  0.23649  0.17149  0.10388  0.07734  0.00000  0.00638  0.00000  0.01266  0.01920  0.01908  0.09635  0.01853  0.05315  0.00641  0.00657  0.00000  0.00654  0.02660  0.00763  0.02554  0.28130  0.00000  0.00665  0.00665  0.00000  0.21701  0.23731  0.00656  0.00000  0.00000  0.00000  0.00649  0.00000  0.00000  0.00000  0.00000  0.00000  3.70971  1.56740  1.24744  0.08488  3.03309
   6   3324.53139 x   0.00309  0.00997  0.00000  0.00000  0.00649  0.17770  0.06717  0.01602  0.02268  0.01937  0.00864  0.08004  0.10279  0.01722  0.04221  0.05597  0.06850  0.03941  0.00691  0.01345  0.26981  0.00628  0.00652  0.02168  0.02547  0.38856  0.18908  0.17843  0.06356  0.11224  0.11944  0.04242  0.33058  0.23690  0.17180  0.10403  0.07747  0.00000  0.00639  0.00000  0.01268  0.01923  0.01911  0.09651  0.01856  0.05323  0.00642  0.00659  0.00000  0.00655  0.02664  0.00765  0.02555  0.28178  0.00000  0.00666  0.00667  0.00000  0.21738  0.23770  0.00657  0.00000  0.00000  0.00000  0.00650  0.00000  0.00000  0.00000  0.00000  0.00000  3.71036  1.55940  1.24221  0.08489  3.03536
   7   3324.53110 x   0.00310  0.00997  0.00000  0.00000  0.00649  0.17786  0.06724  0.01603  0.02270  0.01938  0.00865  0.08012  0.10289  0.01723  0.04225  0.05602  0.06856  0.03944  0.00689  0.01347  0.27007  0.00628  0.00652  0.02171  0.02549  0.38894  0.18926  0.17859  0.06362  0.11234  0.11955  0.04245  0.33088  0.23711  0.17195  0.10412  0.07754  0.00000  0.00640  0.00000  0.01269  0.01925  0.01912  0.09659  0.01857  0.05328  0.00643  0.00659  0.00000  0.00656  0.02667  0.00765  0.02556  0.28202  0.00000  0.00666  0.00667  0.00000  0.21758  0.23790  0.00658  0.00000  0.00000  0.00000  0.00650  0.00000  0.00000  0.00000  0.00000  0.00000  3.71107  1.55523  1.23944  0.08490  3.03698
   8   3324.53103 x   0.00310  0.00997  0.00000  0.00000  0.00649  0.17794  0.06728  0.01604  0.02272  0.01939  0.00865  0.08016  0.10294  0.01724  0.04227  0.05605  0.06859  0.03946  0.00688  0.01347  0.27020  0.00629  0.00653  0.02172  0.02549  0.38912  0.18934  0.17867  0.06365  0.11239  0.11960  0.04247  0.33103  0.23721  0.17203  0.10417  0.07757  0.00000  0.00640  0.00000  0.01270  0.01926  0.01913  0.09664  0.01858  0.05330  0.00643  0.00659  0.00000  0.00656  0.02668  0.00766  0.02557  0.28215  0.00000  0.00667  0.00667  0.00000  0.21767  0.23800  0.00658  0.00000  0.00000  0.00000  0.00650  0.00000  0.00000  0.00000  0.00000  0.00000  3.71143  1.55316  1.23806  0.08490  3.03782
   9   3324.53101 x   0.00311  0.00997  0.00000  0.00000  0.00650  0.17799  0.06729  0.01605  0.02272  0.01939  0.00866  0.08018  0.10296  0.01724  0.04228  0.05606  0.06861  0.03947  0.00688  0.01348  0.27026  0.00629  0.00653  0.02172  0.02550  0.38922  0.18939  0.17871  0.06366  0.11242  0.11963  0.04248  0.33110  0.23726  0.17207  0.10419  0.07758  0.00000  0.00640  0.00000  0.01270  0.01926  0.01914  0.09666  0.01858  0.05331  0.00643  0.00660  0.00000  0.00656  0.02668  0.00766  0.02557  0.28221  0.00000  0.00667  0.00667  0.00000  0.21772  0.23805  0.00658  0.00000  0.00000  0.00000  0.00651  0.00000  0.00000  0.00000  0.00000  0.00000  3.71162  1.55212  1.23736  0.08490  3.03823
  10   3324.53100 x   0.00311  0.00997  0.00000  0.00000  0.00650  0.17801  0.06730  0.01605  0.02272  0.01940  0.00866  0.08020  0.10297  0.01724  0.04228  0.05607  0.06861  0.03947  0.00688  0.01348  0.27029  0.00629  0.00653  0.02172  0.02550  0.38926  0.18941  0.17873  0.06367  0.11243  0.11964  0.04248  0.33114  0.23729  0.17209  0.10420  0.07759  0.00000  0.00640  0.00000  0.01270  0.01926  0.01914  0.09667  0.01858  0.05332  0.00643  0.00660  0.00000  0.00656  0.02669  0.00766  0.02557  0.28224  0.00000  0.00667  0.00668  0.00000  0.21774  0.23807  0.00658  0.00000  0.00000  0.00000  0.00651  0.00000  0.00000  0.00000  0.00000  0.00000  3.71171  1.55161  1.23703  0.08490  3.03846
  11   3324.53100 x   0.00311  0.00997  0.00000  0.00000  0.00650  0.17801  0.06731  0.01605  0.02272  0.01940  0.00866  0.08020  0.10298  0.01724  0.04229  0.05607  0.06862  0.03947  0.00688  0.01348  0.27030  0.00629  0.00653  0.02173  0.02550  0.38928  0.18942  0.17874  0.06367  0.11243  0.11965  0.04248  0.33116  0.23730  0.17210  0.10421  0.07760  0.00000  0.00640  0.00000  0.01270  0.01927  0.01914  0.09667  0.01859  0.05332  0.00643  0.00660  0.00000  0.00656  0.02669  0.00766  0.02557  0.28225  0.00000  0.00667  0.00668  0.00000  0.21775  0.23808  0.00658  0.00000  0.00000  0.00000  0.00651  0.00000  0.00000  0.00000  0.00000  0.00000  3.71176  1.55136  1.23687  0.08490  3.03859
  12   3324.53100 x   0.00311  0.00997  0.00000  0.00000  0.00650  0.17802  0.06731  0.01605  0.02273  0.01940  0.00866  0.08020  0.10298  0.01724  0.04229  0.05607  0.06862  0.03947  0.00688  0.01348  0.27031  0.00629  0.00653  0.02173  0.02550  0.38929  0.18942  0.17875  0.06367  0.11244  0.11965  0.04249  0.33116  0.23730  0.17210  0.10421  0.07760  0.00000  0.00640  0.00000  0.01270  0.01927  0.01914  0.09667  0.01859  0.05332  0.00643  0.00660  0.00000  0.00656  0.02669  0.00766  0.02557  0.28226  0.00000  0.00667  0.00668  0.00000  0.21776  0.23809  0.00658  0.00000  0.00000  0.00000  0.00651  0.00000  0.00000  0.00000  0.00000  0.00000  3.71178  1.55124  1.23677  0.08490  3.03858
  13   3324.53100 x   0.00311  0.00997  0.00000  0.00000  0.00650  0.17802  0.06731  0.01605  0.02273  0.01940  0.00866  0.08020  0.10298  0.01724  0.04229  0.05607  0.06862  0.03947  0.00688  0.01348  0.27032  0.00629  0.00653  0.02173  0.02550  0.38930  0.18942  0.17875  0.06368  0.11244  0.11965  0.04249  0.33117  0.23731  0.17210  0.10421  0.07760  0.00000  0.00640  0.00000  0.01270  0.01927  0.01914  0.09667  0.01859  0.05332  0.00643  0.00660  0.00000  0.00656  0.02669  0.00766  0.02557  0.28226  0.00000  0.00667  0.00668  0.00000  0.21776  0.23809  0.00658  0.00000  0.00000  0.00000  0.00651  0.00000  0.00000  0.00000  0.00000  0.00000  3.71178  1.55119  1.23675  0.08490  3.03863
